42194
44288
8949
5695
43537
34895
42031
29461
11422
26622
31647
40784
33648
13396
21737
18864
30843
12477
26918
16439
20635
33923
40053
31734
21988
32808
35094
43104
23479
43942
35851
13186
14054
28476
43728
34034
18389
20369
45831
38713
36726
27321
28462
35713
36423
44666
26048
34033
43803
43307
34663
27609
32196
36979
16725
37804
42669
26989
19910
41843
40417
39423
29035
35862
45390
36995
21486
27359
30449
24940
22444
29504
37704
25540
18597
39125
39358
20132
29088
16630
20890
29916
25860
13717
31010
42673
13187
44134
41639
45900
23528
29412
40672
4014
39205
39197
26570
28117
43225
26071
32098
33685
46146
8935
15365
26536
42830
16685
31395
43145
28651
27507
30500
21714
19712
33648
40095
26060
42630
32175
8150
11084
45008
28254
39779
27010
30894
46041
19301
36564
32243
20893
35528
39757
33353
34899
22664
39281
33671
22807
38709
28392
22896
42497
45841
46109
43662
44972
23373
32312
14371
31311
41806
42491
18752
35780
23406
4691
34045
17247
22097
20975
45847
16037
25494
38396
21942
13706
23558
35978
11618
21455
38602
45210
34565
40854
31860
40906
28245
17361
8295
16880
43089
44021
31588
20715
45497
41657
35377
16076
35263
45352
40007
41447
11190
41326
45658
26471
44797
30992
39293
20837
45055
38531
41911
29224
31172
27617
20509
39470
18167
12689
29794
32493
42382
11645
40176
36924
7786
18422
17344
39874
25930
32640
40752
38357
43535
33234
16019
20218
26818
45189
20741
43395
12956
8821
25721
27211
19453
34700
13789
32595
44039
17519
11907
19824
41163
32798
42946
38820
33757
29821
7048
35265
40616
21136
26035
33565
7518
9305
42750
44016
19123
37610
31638
41071
45744
42825
23533
45318
13910
36528
45272
18969
37851
43113
8151
39394
44984
33833
27673
34198
25066
28376
24444
46110
23398
29209
22258
6676
13115
31060
15646
25295
23570
26310
16094
26746
28791
19082
28515
41472
17997
29790
5982
45422
36674
37002
43239
41226
2719
14324
41144
31727
33939
35274
24024
13229
34453
19089
46269
37387
16953
25130
33937
35971
15027
32135
39689
16823
29439
12445
31406
40817
30772
39731
29741
22244
40657
29911
37521
17644
44992
37645
42847
40814
34488
38984
35902
32991
43555
42520
24887
38922
18700
11083
23702
16537
39080
16806
34435
19207
22724
27471
41684
35329
27593
36241
37601
43531
15383
13405
45564
10421
13905
20841
30844
33967
31442
45800
22510
45552
30449
45639
45249
39525
36201
42896
12156
23581
20334
37258
5450
6196
37758
19314
35753
39269
25336
28916
33844
39030
19884
41687
44557
19012
44516
38584
33702
30808
37359
24118
39064
30438
41511
30927
12181
37317
25969
29753
38266
30863
39275
19425
34894
38137
26640
33440
42012
36552
20333
37751
39746
45345
31839
39855
45353
18417
15427
36426
43521
35342
31656
18466
31053
41968
35493
27944
46180
24039
3473
2271
33508
20979
33199
44531
44539
36712
32416
12064
10771
18685
33807
26664
8320
8671
21233
41615
33741
31022
34363
24637
36783
24222
40421
36026
23447
36687
30308
34348
22273
29818
19010
17341
43969
44521
38078
40356
3937
8945
43952
38771
39894
42488
41985
18590
18194
41436
13568
19800
22104
25689
29564
6277
16179
23445
16753
39914
16913
45114
19075
33091
37148
31695
40822
45416
24641
27322
30681
42175
19429
33140
34981
36472
20452
30168
42956
43763
43350
21411
39229
32904
38514
41238
26407
12682
45453
44067
24469
33613
43139
28375
17962
32506
20867
13122
42870
30026
34760
39459
26626
32846
30716
23475
22464
35168
36610
44364
42502
33030
23328
39617
38115
15242
38679
39294
26292
44551
27384
40639
41957
37383
12656
14460
23671
46228
44019
41191
36838
38568
23398
36248
27424
29912
40689
38588
44968
31031
27654
36862
21049
29216
22396
41244
37835
31464
19458
36657
38560
42199
45400
10639
34869
24590
18126
40990
37430
27494
16676
23422
26588
27261
27538
32996
5910
34423
11464
28014
15201
30500
40812
28128
39380
32700
38600
33262
45044
38572
31971
23152
42485
21022
26942
36861
40104
14499
38104
34486
36098
21243
7178
24295
45846
36937
32523
29455
40494
19494
2983
36216
43545
18166
43732
22407
39928
43211
30136
15783
42377
39630
26929
8298
39597
40980
45462
42861
40168
36511
29503
26924
24815
20085
29458
40615
35027
40602
35694
39740
29446
28690
39038
43270
14386
40197
36623
39584
22437
33943
40389
44765
39746
37759
39121
38638
41456
30516
24658
43533
23433
4910
10868
44966
42413
29413
21377
38689
45711
21732
45190
42655
34539
39275
38786
15940
39681
14977
32006
26428
36709
34013
14418
20756
25212
35973
17403
44590
9923
23241
41980
45224
39374
38068
8919
32650
38810
17957
29214
20516
29553
42709
22450
9450
28131
12610
45237
44100
42564
32579
16641
45530
15191
39600
25098
41014
44679
10576
39037
35749
41191
25295
9909
24931
38252
28034
45311
14678
38147
43199
10192
22021
39403
35283
36472
33153
21483
28687
43656
15968
27078
31403
41411
41164
11686
19325
13858
33181
35293
18369
44956
27892
29443
27551
10377
16908
29589
15861
44621
20842
36836
40969
38643
25379
43452
46014
41984
31281
39631
31124
39796
30713
39476
36404
21216
25625
30630
41291
43301
28312
30783
40915
32742
37755
45070
39988
33141
11042
32929
33597
44839
39106
37171
30659
32285
27821
42639
33942
25790
16549
43711
30774
25023
5584
44508
21141
24965
41352
29474
41884
38754
32201
46038
27026
42046
32849
44889
11998
26531
45196
24156
35423
29362
20037
24515
32425
41214
26798
33376
34502
40278
43617
24430
29618
33820
27528
36644
38441
3865
19598
23704
14856
30119
35966
42503
32025
15929
3010
25180
45096
36224
40958
19593
28867
29892
21515
29559
19557
30698
30885
27584
33354
33345
37682
24019
30078
36451
31029
7300
17735
41779
39841
39341
30463
36872
30301
40285
35867
44341
39735
44336
31823
21596
41368
27084
18327
29235
35460
18730
45565
5998
30732
26807
32684
45788
35305
36848
20518
42428
30031
13354
33714
44545
43923
30657
42294
40787
40838
37286
35368
347
19204
36855
42770
45215
15050
45105
31725
16458
33630
32643
33693
24712
2940
37860
39732
43914
45898
34590
45963
24683
40827
24969
41889
28328
7578
10797
40254
12076
31161
39256
39632
40174
27180
7612
33729
39889
17858
33751
43043
23887
44204
45068
14361
16309
43647
35033
36589
18281
35550
42174
34730
20179
18331
3398
35434
46334
33838
29268
33015
2744
40148
43979
45866
27274
41795
31309
39897
29361
35470
23151
10649
37785
32337
15945
30360
43905
21967
39771
35135
20837
29267
46054
18740
37445
4485
17827
38316
27636
35592
38915
18447
26251
42298
36917
34356
39924
17211
18565
29843
40750
14862
15496
37947
34428
19103
36374
23547
22375
37806
34632
46305
34207
19234
18119
42175
45088
44942
37845
46043
40576
36550
35820
28649
35460
29217
14863
30252
26924
41210
40355
38546
28622
34957
41017
33965
45839
27949
15819
41455
19585
44202
1433
25412
27578
36852
39408
23536
43617
30939
19873
36618
44904
26396
34644
44081
40730
23666
32300
21597
25422
14289
43438
26851
14726
37618
11633
24901
11538
31981
20918
4706
41148
22621
18548
18090
43186
38722
27653
19707
35724
34324
8123
42169
35262
39202
43544
44461
44885
36031
17664
43063
41181
31134
22436
31295
35722
35323
4399
42588
41580
39411
31818
45317
45285
28772
42170
15630
34933
30616
11295
34252
14255
36046
34143
19412
20557
40916
37472
44351
28938
18705
38904
44367
21414
28214
8080
23886
41123
40653
35272
8761
38496
19477
8841
31635
43188
33792
11135
23248
40269
13164
34756
25763
39750
40855
36659
43262
24744
15030
41553
9522
37727
45649
24781
38541
38522
19798
38862
43728
32864
32926
18258
43177
38328
30754
11840
42011
34917
27572
23466
44706
34011
44934
34569
23574
28042
34307
16296
40988
30949
32610
30173
8552
41332
23026
34659
34578
42655
45693
30126
22726
41912
39494
32282
43512
37733
26965
37227
36712
6251
1211
42379
43997
11936
37815
30754
31885
36747
20669
38935
21823
33910
29561
13408
25835
10102
41185
42800
25577
32503
30082
29679
41388
29281
37969
25941
33048
44129
38699
37536
41348
21342
15062
31864
30164
41879
7517
28537
14623
45529
28893
42900
32086
25898
10609
39496
36923
20239
32025
20434
45659
37639
20243
23293
26811
12436
36448
20199
17855
28493
44969
32328
44275
35429
29322
44999
38900
7722
30333
41260
38278
11525
25937
28224
18330
13117
19212
15536
16979
41395
33895
36003
28164
21090
27835
45445
17760
31338
12749
45557
45108
38697
15488
24378
38314
37009
29761
46157
23361
7469
31980
4465
35611
18852
17688
34468
25823
31797
29348
37187
24735
30885
41969
36052
16276
37436
30933
18554
36371
35173
14495
29790
29954
37765
4694
30960
20418
36219
44955
40505
33873
19900
9092
43338
15395
31336
13641
35079
27022
36065
44661
35536
37585
42249
23078
18313
45247
9241
30945
27964
36435
19389
21714
42314
31662
46249
41776
23938
25317
43034
39053
34771
28837
44576
25366
38624
14492
31101
41515
29088
39031
22147
30884
39997
39116
38169
15704
27161
45086
13299
16537
28870
13046
39462
32819
24033
41270
26831
33260
32549
35323
45217
15625
41030
20249
36722
29563
27551
36587
15743
30041
34740
27813
30150
18954
42270
7705
22797
34748
32110
43138
38553
11655
42129
24679
18325
38300
31409
34464
30200
33343
43973
25850
19289
21442
31730
6138
18969
29351
39844
36173
29300
23352
29864
22803
34314
41715
15857
40752
37242
24896
44688
13455
29630
36488
35479
31513
5367
10863
37210
42260
19412
8755
36477
30535
25238
27302
29894
25709
4429
44377
31150
12491
33314
11151
31591
21512
29463
14837
38624
34366
25143
6283
15990
33870
25617
3576
20026
46255
31762
18657
46339
20642
46248
27102
20072
28915
34670
44017
36696
36022
17968
35110
21900
29802
31725
30307
22884
46017
40026
28146
28606
25813
41021
27270
35126
8746
39681
24231
12288
7191
38987
40670
37016
38016
11901
26163
30296
9430
43359
39307
18300
26826
16610
17537
29370
25203
40141
11092
36566
18718
24826
9439
37991
44903
24602
33898
3981
34396
32470
35216
38329
33468
26572
39723
33811
45804
19984
11250
17430
36788
6258
31896
40693
30801
28906
32019
25189
36375
36667
44764
27423
41204
632
45010
34387
15171
23886
16908
41875
45143
34221
11578
41287
21559
23588
15074
40962
39995
26057
23033
34391
20538
46054
45157
17562
32600
45431
28383
43743
46207
16564
17026
36959
38949
31176
40615
21468
12881
42686
36199
41272
27668
32664
9786
15454
28599
36218
18406
30527
36511
37171
41922
30733
27147
6042
40457
36817
41968
35999
25061
25910
13999
22500
33562
13407
32863
19250
26979
34270
23880
23773
38598
41849
15506
17472
11265
36293
36648
42391
11301
26833
44676
32389
36994
13993
26107
36768
18399
45559
22667
36309
34743
30452
38184
45522
43421
40919
45398
34805
25426
2616
18267
34968
28276
37879
21277
40512
34643
42478
37561
46276
42671
29691
31584
23368
26965
39860
41252
29217
24186
44508
21382
25133
27567
27954
23278
25605
9945
43420
36394
42027
42896
43171
42004
44768
40349
37266
1616
43629
29188
13389
21327
28025
4048
30583
40416
27979
26783
33114
43056
37536
44525
39359
11919
31492
37944
38178
30125
19489
33037
16052
42751
38364
13561
31657
2480
39991
44980
32124
34547
30030
31519
3921
17071
3766
37853
40311
39986
41703
20616
22222
44917
44829
33236
7200
23473
24565
28671
44566
29480
44930
25015
35414
25009
28784
38692
28211
45053
34286
35124
15396
40703
13335
38718
43224
25203
44289
19110
46174
21833
13667
35263
42937
17180
30046
31040
36817
44007
40657
38385
42921
45420
25110
21892
36424
27783
41770
40727
42289
40708
9455
37419
35692
16299
44870
35931
15766
23869
35637
41087
27570
28215
20588
31263
37047
28703
36100
22014
42220
39928
43892
45941
18830
44956
18548
42867
20308
40094
41586
45236
44485
33659
39156
34950
44990
21686
34575
7218
27035
16865
10989
43768
26907
39123
9812
35740
29252
29542
43175
37759
43932
46299
32403
42258
18460
28375
34750
25982
46240
44102
22985
43818
38800
43173
28031
33598
18804
2047
34401
33014
35659
37659
41441
39950
39441
29364
19097
41820
23353
43456
4817
42226
34548
36460
40515
28462
14834
21560
29878
30053
22539
20585
19510
19963
39867
40128
33455
39941
44527
37793
37102
31725
44381
37527
11539
26903
36224
20225
46028
11420
35494
22272
18649
40746
41125
35223
31250
43427
38242
31115
24079
42720
33836
45812
12012
31851
45203
24686
12365
44958
30529
30739
16425
40109
19743
34431
34811
45127
33551
32147
37452
33310
24122
44544
26157
19737
32112
37001
27063
35214
22026
41301
44757
36845
41950
42424
45758
17771
9645
38534
36503
28956
20833
32625
44801
44074
28287
28356
19893
45926
36472
12872
36414
40639
29741
17885
28721
46281
40489
35044
25860
29549
33450
14975
25385
37062
35588
35510
14305
17036
40713
30424
9426
44582
37410
19376
39701
38224
13614
33477
25714
39274
2075
43270
41816
27193
40066
41341
38008
27727
38705
46333
41275
27388
17930
43277
22707
20276
30363
31474
35947
41179
36334
14896
31555
44732
25200
24897
42760
38124
33376
27815
20821
31320
43989
39982
39407
25175
31213
36195
21108
44548
37897
36218
27775
32157
40437
8751
16131
41951
38085
25966
34706
34003
38522
37381
22291
6826
33102
30190
27273
13469
43761
37681
44825
19525
18229
4113
25886
43701
35168
40328
32905
28040
38482
42165
34237
32101
38313
35472
14681
26616
33664
46257
2201
44923
43882
45646
43887
27006
39672
10000
16199
42995
37448
35732
43887
11018
34544
41426
10319
46160
25861
41296
43264
44778
13921
41911
31495
22034
38644
43336
37165
39054
35286
27520
33791
46030
22145
39209
22785
44117
35467
21063
19369
42156
20606
21236
43903
41504
34789
45411
16655
40890
5107
23191
46050
27210
31540
44841
44740
28012
39166
42314
24907
22542
42861
36172
40328
31330
42129
36182
21903
26462
36694
6034
38898
27922
41335
31241
2475
35588
34920
33744
21230
24367
43988
19302
34666
44718
26282
40384
41634
38491
46339
28371
36846
10938
23472
41776
15414
15090
36169
7715
40653
18115
38468
33166
33492
45704
42172
46015
29309
27721
21287
17241
27888
41910
17383
45010
43685
32005
41281
31447
44325
33214
31785
37825
24000
12584
29678
22726
40710
46160
28066
30684
44836
39927
16020
36160
36310
42033
20731
37924
43440
26214
35903
34971
41187
45091
30481
36788
33950
32616
43228
18192
31197
31596
33501
22534
19949
33429
38379
35281
43578
38374
17087
29326
36890
35630
39786
25372
11179
36239
22241
24437
41326
7945
28397
35398
28686
16043
32673
45982
39659
44864
17971
40071
46146
42734
19909
41656
31492
29179
20312
29302
24539
16102
29209
25131
29428
43191
16608
38275
11581
44818
32978
25742
41967
45022
30901
43913
39020
39609
41872
44149
39252
35616
21022
44840
29025
11100
33252
7185
34779
35148
36877
10958
26282
19947
18854
18976
4837
34225
33927
31881
33791
43894
23755
45740
35496
41779
40763
16578
39329
22076
28320
28840
12809
40625
9237
29567
20579
41057
32006
39822
46332
38112
39163
20413
27802
44561
35170
26517
36075
40410
36077
11432
6172
45406
42706
40447
43946
11031
10621
22800
43626
44538
44953
20939
32828
19618
29808
5210
40829
7941
19161
36804
35638
45934
32605
19041
43767
20389
24824
29687
15822
45430
30599
27201
43521
21472
45758
24832
39711
40607
32858
32413
41448
29364
45170
30113
45188
46334
10294
25750
45573
37116
38392
25268
22406
14934
36985
25344
44698
32416
34553
35129
27876
11050
26057
45801
42669
37767
43595
22877
25516
21718
34831
22746
36677
31324
41246
42990
45548
11767
32423
23103
16949
4545
19374
32360
20967
41690
40320
41348
12618
17831
33462
36898
40700
37240
38993
35151
31936
20271
23775
32499
16146
32727
21905
36917
40850
26864
23126
41996
42006
14805
40887
42430
45630
42434
38161
39206
28282
31673
35994
42707
44321
37367
30684
39941
27816
33440
9518
32044
22200
35528
29983
31368
38594
5490
20361
25886
36624
29823
41088
45816
34112
36739
9011
45969
21947
33797
46309
36405
45246
38769
42539
27041
30131
41789
33021
43500
29469
30178
45829
30879
21690
21770
28415
38309
23147
21080
17071
43204
27667
45724
26366
2832
24364
27180
39893
23847
41437
38525
38212
36195
31463
32069
42872
34193
16789
22052
44475
26786
40962
10842
45286
24827
37300
35070
42038
44581
43433
10195
29572
29315
33718
20587
44189
31853
8897
36965
15448
41292
26379
30589
37104
8403
45820
18770
26848
40951
22261
17964
23184
10180
46177
27169
18152
45797
44033
42572
28818
44687
42424
18815
5521
32806
38601
27667
20166
29590
42725
40489
31165
36649
39854
26677
22139
43270
35656
19082
38526
41016
20579
15153
28643
28431
29002
28703
39820
6439
46286
24385
45597
41569
33884
40461
39352
15786
39053
14728
36140
40835
38796
28224
46246
34893
16087
43022
26644
33099
44526
6852
43773
40687
37757
36601
44863
41040
40633
41094
28489
20556
21393
43582
36481
29239
10069
34436
27299
46006
43576
37478
43102
9616
40928
42789
33544
37726
38644
41721
35209
31650
37843
22783
21351
25139
44272
19448
20223
40517
18200
32383
40485
39680
