-42189
-44287
-8945
-5692
-43536
-34893
-42029
-29460
-11417
-26618
-31642
-40782
-33646
-13393
-21717
-18854
-30839
-12476
-26911
-16436
-20629
-33919
-40048
-31732
-21986
-32803
-35091
-43102
-23475
-43938
-35846
-13183
-14053
-28472
-43723
-34033
-18380
-20368
-45826
-38711
-36724
-27306
-28457
-35711
-36420
-44662
-26043
-34032
-43799
-43305
-34659
-27606
-32191
-36975
-16720
-37798
-42666
-26984
-19906
-41835
-40412
-39422
-29027
-35858
-45385
-36993
-21470
-27358
-30442
-24939
-22438
-29496
-37699
-25539
-18557
-39118
-39342
-20131
-29082
-16628
-20888
-29915
-25850
-13715
-30996
-42667
-13183
-44129
-41629
-45897
-23527
-29410
-40666
-4012
-39203
-39193
-26566
-28116
-43222
-26059
-32095
-33681
-46138
-8930
-15363
-26533
-42829
-16678
-31389
-43125
-28648
-27506
-30496
-21713
-19711
-33642
-40092
-26056
-42627
-32172
-8146
-11080
-45004
-28253
-39774
-27007
-30892
-46034
-19298
-36549
-32240
-20892
-35527
-39754
-33349
-34897
-22645
-39277
-33661
-22805
-38708
-28389
-22888
-42492
-45838
-46097
-43659
-44971
-23368
-32311
-14369
-31308
-41804
-42488
-18750
-35776
-23402
-4662
-34041
-17241
-22091
-20968
-45845
-15868
-25492
-38395
-21939
-13701
-23554
-35976
-11616
-21453
-38599
-45202
-34561
-40853
-31858
-40898
-28243
-17358
-8293
-16875
-43087
-44017
-31584
-20711
-45493
-41656
-35359
-16070
-35260
-45347
-39998
-41439
-11189
-41323
-45655
-26467
-44795
-30990
-39290
-20832
-45049
-38528
-41900
-29220
-31166
-27613
-20503
-39467
-18160
-12685
-29791
-32490
-42378
-11640
-40174
-36921
-7783
-18409
-17340
-39873
-25928
-32638
-40749
-38354
-43534
-33224
-16011
-20216
-26811
-45186
-20738
-43393
-12954
-8820
-25716
-27208
-19447
-34696
-13786
-32594
-44036
-17516
-11904
-19822
-41162
-32790
-42941
-38817
-33740
-29812
-7043
-35261
-40614
-21132
-26028
-33562
-7506
-9302
-42741
-44014
-19119
-37607
-31636
-41068
-45742
-42820
-23525
-45317
-13904
-36526
-45268
-18967
-37848
-43112
-8144
-39389
-44981
-33832
-27668
-34196
-25064
-28372
-24440
-46106
-23394
-29206
-22252
-6668
-13111
-31059
-15644
-25293
-23538
-26300
-16089
-26743
-28789
-19077
-28513
-41469
-17993
-29786
-5977
-45418
-36668
-37000
-43236
-41225
-2715
-14322
-41140
-31722
-33932
-35273
-24023
-13226
-34444
-19087
-46268
-37382
-16947
-25125
-33929
-35969
-15023
-32130
-39687
-16822
-29434
-12442
-31401
-40813
-30770
-39727
-29740
-22240
-40656
-29906
-37518
-17640
-44980
-37638
-42816
-40805
-34483
-38978
-35898
-32990
-43547
-42518
-24884
-38920
-18695
-11077
-23700
-16532
-39078
-16790
-34433
-19206
-22722
-27468
-41681
-35325
-27591
-36237
-37599
-43530
-15380
-13402
-45562
-10419
-13903
-20837
-30841
-33965
-31416
-45798
-22500
-45548
-30445
-45636
-45248
-39523
-36198
-42895
-12153
-23575
-20332
-37253
-5448
-6194
-37755
-19311
-35751
-39266
-25333
-28910
-33839
-39026
-19879
-41683
-44556
-19009
-44512
-38578
-33701
-30804
-37354
-24110
-39062
-30437
-41505
-30913
-12175
-37315
-25963
-29746
-38257
-30862
-39271
-19417
-34893
-38135
-26625
-33375
-42006
-36549
-20296
-37748
-39740
-45341
-31836
-39850
-45352
-18416
-15415
-36422
-43518
-35340
-31653
-18465
-31051
-41966
-35491
-27940
-46178
-24035
-3470
-2268
-33505
-20956
-33195
-44529
-44529
-36710
-32414
-12059
-10769
-18684
-33804
-26659
-8315
-8659
-21227
-41605
-33736
-31019
-34362
-24630
-36779
-24220
-40419
-36025
-23444
-36675
-30291
-34337
-22269
-29817
-19006
-17332
-43966
-44516
-38070
-40354
-3933
-8939
-43945
-38767
-39885
-42487
-41983
-18585
-18190
-41434
-13565
-19797
-22100
-25685
-29559
-6270
-16178
-23443
-16752
-39906
-16909
-45112
-19071
-33089
-37146
-31692
-40819
-45414
-24640
-27318
-30676
-42161
-19424
-33133
-34979
-36442
-20448
-30163
-42954
-43758
-43349
-21408
-39227
-32901
-38513
-41236
-26406
-12678
-45449
-44064
-24457
-33605
-43134
-28371
-17958
-32505
-20863
-13121
-42869
-30024
-34755
-39449
-26622
-32842
-30674
-23473
-22456
-35164
-36606
-44361
-42489
-33023
-23319
-39614
-38104
-15236
-38674
-39215
-26260
-44545
-27382
-40621
-41937
-37374
-12652
-14457
-23661
-46220
-43988
-41182
-36833
-38565
-23392
-36244
-27420
-29902
-40686
-38580
-44967
-31027
-27648
-36858
-21046
-29198
-22391
-41242
-37831
-31462
-19457
-36652
-38555
-42198
-45396
-10634
-34866
-24586
-18124
-40987
-37428
-27490
-16669
-23420
-26586
-27215
-27533
-32989
-5909
-34418
-11459
-28013
-15199
-30499
-40811
-28123
-39377
-32694
-38594
-33260
-45042
-38567
-31970
-23148
-42482
-21019
-26935
-36855
-40097
-14477
-38091
-34484
-36064
-21240
-7162
-24292
-45844
-36929
-32520
-29451
-40493
-19493
-2982
-36205
-43540
-18164
-43729
-22405
-39926
-43209
-30132
-15781
-42374
-39624
-26927
-8294
-39595
-40977
-45460
-42858
-40167
-36501
-29493
-26923
-24814
-20079
-29437
-40614
-35026
-40595
-35690
-39739
-29445
-28688
-39034
-43267
-14383
-40192
-36617
-39582
-22420
-33933
-40381
-44761
-39744
-37754
-39117
-38634
-41454
-30513
-24653
-43532
-23429
-4905
-10864
-44963
-42412
-29411
-21376
-38686
-45710
-21729
-45187
-42651
-34536
-39274
-38779
-15938
-39675
-14976
-32004
-26421
-36707
-34003
-14417
-20755
-25210
-35972
-17401
-44587
-9920
-23237
-41974
-45218
-39370
-38061
-8915
-32649
-38807
-17949
-29211
-20514
-29539
-42708
-22440
-9446
-28128
-12603
-45231
-44066
-42562
-32505
-16634
-45525
-15190
-39595
-25096
-41011
-44678
-10572
-39035
-35742
-41187
-25289
-9906
-24927
-38251
-28030
-45302
-14677
-38141
-43197
-10191
-22019
-39400
-35277
-36461
-33149
-21480
-28684
-43651
-15967
-27075
-31397
-41409
-41160
-11685
-19321
-13854
-33176
-35289
-18365
-44949
-27889
-29439
-27546
-10375
-16885
-29588
-15859
-44620
-20841
-36831
-40965
-38641
-25376
-43450
-46009
-41980
-31279
-39628
-31121
-39790
-30699
-39474
-36401
-21209
-25623
-30623
-41289
-43299
-28306
-30776
-40910
-32738
-37752
-45068
-39984
-33137
-11039
-32924
-33593
-44837
-39103
-37170
-30656
-32282
-27816
-42633
-33940
-25786
-16546
-43710
-30765
-25022
-5582
-44506
-21137
-24960
-41351
-29467
-41877
-38743
-32200
-46037
-27025
-42044
-32845
-44885
-11996
-26527
-45193
-24149
-35422
-29358
-20034
-24505
-32422
-41212
-26793
-33374
-34498
-40276
-43615
-24428
-29616
-33817
-27526
-36639
-38436
-3861
-19594
-23702
-14854
-30116
-35952
-42495
-32023
-15927
-3007
-25179
-45094
-36221
-40953
-19591
-28866
-29886
-21512
-29558
-19556
-30695
-30883
-27581
-33350
-33340
-37679
-24011
-30076
-36444
-31024
-7297
-17734
-41775
-39837
-39318
-30460
-36868
-30299
-40282
-35865
-44335
-39732
-44335
-31820
-21594
-41366
-27080
-18323
-29230
-35459
-18728
-45563
-5995
-30727
-26803
-32679
-45785
-35303
-36841
-20516
-42427
-30029
-13350
-33712
-44543
-43921
-30655
-42289
-40785
-40833
-37283
-35367
-344
-19201
-36852
-42767
-45213
-15049
-45100
-31722
-16454
-33629
-32642
-33691
-24709
-2937
-37858
-39730
-43905
-45886
-34581
-45950
-24682
-40826
-24964
-41885
-28327
-7576
-10795
-40249
-12072
-31160
-39252
-39626
-40173
-27176
-7609
-33721
-39888
-17854
-33742
-43040
-23886
-44202
-45064
-14357
-16308
-43646
-35032
-36576
-18279
-35549
-42170
-34725
-20176
-18330
-3396
-35421
-46323
-33837
-29260
-33010
-2741
-40145
-43972
-45863
-27271
-41794
-31305
-39894
-29350
-35467
-23147
-10642
-37779
-32336
-15944
-30358
-43901
-21958
-39769
-35128
-20832
-29265
-46050
-18738
-37440
-4484
-17825
-38313
-27633
-35587
-38912
-18446
-26250
-42297
-36912
-34354
-39919
-17209
-18560
-29835
-40749
-14859
-15490
-37945
-34424
-19095
-36373
-23544
-22372
-37801
-34630
-46304
-34200
-19227
-18115
-42171
-45083
-44936
-37843
-46037
-40571
-36543
-35816
-28646
-35457
-29212
-14861
-30250
-26920
-41209
-40351
-38537
-28617
-34954
-41013
-33964
-45836
-27948
-15812
-41454
-19584
-44201
-1431
-25408
-27576
-36847
-39404
-23531
-43616
-30938
-19869
-36616
-44903
-26393
-34638
-44076
-40728
-23662
-32297
-21595
-25418
-14286
-43433
-26844
-14718
-37615
-11625
-24899
-11532
-31971
-20916
-4703
-41146
-22614
-18542
-18081
-43183
-38716
-27645
-19702
-35721
-34317
-8120
-42166
-35261
-39200
-43542
-44458
-44868
-36028
-17658
-43057
-41173
-31131
-22433
-31292
-35720
-35322
-4397
-42583
-41574
-39406
-31814
-45316
-45284
-28755
-42168
-15623
-34932
-30611
-11293
-34249
-14254
-36040
-34142
-19409
-20554
-40914
-37471
-44348
-28937
-18702
-38902
-44366
-21409
-28211
-8071
-23884
-41117
-40649
-35257
-8760
-38494
-19474
-8835
-31631
-43180
-33790
-11131
-23246
-40267
-13161
-34753
-25758
-39746
-40854
-36656
-43259
-24742
-15026
-41547
-9520
-37724
-45647
-24780
-38533
-38517
-19794
-38859
-43723
-32862
-32924
-18255
-43174
-38321
-30751
-11837
-42001
-34913
-27571
-23455
-44704
-34007
-44931
-34566
-23569
-28038
-34304
-16294
-40986
-30945
-32608
-30168
-8543
-41327
-23024
-34650
-34576
-42649
-45688
-30120
-22725
-41893
-39483
-32280
-43509
-37728
-26960
-37225
-36711
-6248
-1204
-42376
-43994
-11926
-37809
-30750
-31881
-36743
-20661
-38932
-21814
-33904
-29557
-13407
-25833
-10100
-41181
-42796
-25573
-32492
-30074
-29673
-41386
-29276
-37964
-25936
-33040
-44125
-38693
-37532
-41347
-21341
-15054
-31856
-30156
-41873
-7511
-28535
-14614
-45519
-28891
-42883
-32085
-25894
-10604
-39495
-36922
-20236
-32024
-20429
-45655
-37637
-20239
-23292
-26806
-12435
-36439
-20195
-17853
-28488
-44966
-32326
-44271
-35421
-29318
-44998
-38895
-7719
-30332
-41256
-38277
-11522
-25931
-28219
-18325
-13113
-19208
-15526
-16976
-41377
-33890
-36001
-28163
-21089
-27823
-45441
-17747
-31336
-12744
-45552
-45101
-38694
-15486
-24374
-38308
-37003
-29757
-46154
-23357
-7465
-31979
-4464
-35609
-18849
-17684
-34445
-25819
-31795
-29346
-37182
-24734
-30884
-41968
-36048
-16267
-37430
-30928
-18546
-36370
-35171
-14494
-29787
-29953
-37762
-4691
-30958
-20415
-36214
-44952
-40493
-33871
-19895
-9089
-43336
-15392
-31335
-13639
-35076
-27021
-36061
-44657
-35535
-37584
-42248
-23070
-18312
-45246
-9240
-30942
-27963
-36433
-19387
-21709
-42313
-31661
-46245
-41774
-23937
-25312
-43031
-39045
-34769
-28834
-44573
-25364
-38618
-14489
-31099
-41514
-29085
-39028
-22144
-30882
-39990
-39114
-38166
-15700
-27160
-45084
-13289
-16534
-28867
-13042
-39458
-32816
-24032
-41267
-26830
-33255
-32546
-35320
-45214
-15622
-41024
-20248
-36720
-29559
-27549
-36584
-15742
-30039
-34737
-27809
-30146
-18951
-42268
-7700
-22793
-34742
-32108
-43121
-38550
-11650
-42127
-24671
-18320
-38299
-31405
-34460
-30197
-33337
-43970
-25844
-19288
-21439
-31726
-6135
-18967
-29350
-39841
-36169
-29298
-23347
-29863
-22797
-34301
-41712
-15854
-40750
-37236
-24894
-44685
-13451
-29628
-36484
-35478
-31511
-5366
-10858
-37198
-42256
-19408
-8752
-36473
-30529
-25229
-27297
-29887
-25704
-4427
-44374
-31146
-12490
-33303
-11146
-31589
-21505
-29460
-14836
-38623
-34364
-25125
-6279
-15988
-33863
-25610
-3571
-20022
-46236
-31759
-18654
-46334
-20638
-46241
-27096
-20064
-28911
-34665
-44012
-36695
-36016
-17961
-35109
-21899
-29800
-31722
-30304
-22881
-46013
-40023
-28144
-28593
-25811
-41018
-27266
-35121
-8743
-39679
-24227
-12285
-7182
-38982
-40669
-37012
-38013
-11896
-26161
-30292
-9426
-43356
-39291
-18294
-26821
-16607
-17529
-29368
-25200
-40137
-11088
-36560
-18717
-24823
-9434
-37984
-44900
-24597
-33895
-3980
-34395
-32467
-35215
-38326
-33462
-26566
-39717
-33809
-45792
-19981
-11246
-17427
-36786
-6255
-31890
-40689
-30798
-28903
-32018
-25184
-36370
-36661
-44763
-27421
-41199
-631
-45004
-34384
-15168
-23883
-16905
-41872
-45138
-34219
-11572
-41282
-21558
-23587
-15073
-40957
-39992
-26055
-23032
-34388
-20532
-46051
-45156
-17560
-32598
-45425
-28380
-43742
-46205
-16558
-17023
-36954
-38943
-31154
-40612
-21466
-12876
-42685
-36191
-41270
-27664
-32663
-9785
-15451
-28598
-36213
-18402
-30526
-36508
-37169
-41916
-30732
-27144
-6038
-40455
-36815
-41966
-35994
-25060
-25908
-13997
-22493
-33557
-13404
-32861
-19245
-26978
-34266
-23877
-23770
-38596
-41847
-15502
-17466
-11260
-36290
-36635
-42389
-11296
-26829
-44673
-32386
-36993
-13991
-26106
-36757
-18390
-45554
-22664
-36306
-34737
-30450
-38181
-45519
-43417
-40916
-45395
-34804
-25422
-2612
-18265
-34964
-28257
-37878
-21273
-40504
-34639
-42467
-37555
-46275
-42670
-29688
-31582
-23364
-26962
-39855
-41249
-29209
-24183
-44506
-21381
-25127
-27565
-27949
-23275
-25602
-9941
-43416
-36392
-42025
-42891
-43170
-42003
-44767
-40347
-37265
-1609
-43627
-29187
-13388
-21326
-28024
-4047
-30581
-40414
-27974
-26779
-33113
-43053
-37534
-44524
-39355
-11914
-31490
-37942
-38175
-30123
-19488
-33035
-16049
-42748
-38362
-13560
-31652
-2473
-39988
-44978
-32122
-34546
-30029
-31517
-3916
-17069
-3758
-37852
-40310
-39983
-41700
-20615
-22217
-44914
-44825
-33230
-7197
-23464
-24561
-28668
-44565
-29476
-44923
-25011
-35412
-25006
-28782
-38690
-28209
-45051
-34284
-35122
-15395
-40700
-13328
-38715
-43218
-25197
-44284
-19109
-46171
-21830
-13665
-35261
-42935
-17178
-30042
-31035
-36815
-44001
-40653
-38384
-42919
-45417
-25104
-21891
-36423
-27781
-41765
-40725
-42283
-40705
-9453
-37417
-35689
-16298
-44868
-35927
-15762
-23867
-35636
-41086
-27568
-28213
-20586
-31261
-37036
-28695
-36099
-22009
-42218
-39922
-43886
-45940
-18824
-44952
-18544
-42866
-20307
-40092
-41585
-45234
-44483
-33657
-39152
-34949
-44989
-21682
-34574
-7213
-27033
-16862
-10988
-43765
-26906
-39122
-9808
-35736
-29247
-29540
-43172
-37755
-43928
-46292
-32402
-42255
-18455
-28372
-34747
-25976
-46236
-44100
-22984
-43816
-38796
-43172
-28029
-33595
-18803
-2044
-34394
-33010
-35647
-37653
-41439
-39948
-39439
-29362
-19096
-41818
-23351
-43452
-4816
-42221
-34545
-36456
-40511
-28459
-14832
-21556
-29872
-30052
-22538
-20579
-19505
-19959
-39862
-40124
-33454
-39935
-44524
-37791
-37098
-31723
-44380
-37524
-11537
-26900
-36222
-20224
-46027
-11419
-35492
-22271
-18645
-40745
-41119
-35220
-31247
-43425
-38240
-31112
-24078
-42718
-33833
-45809
-12005
-31848
-45202
-24684
-12362
-44954
-30528
-30735
-16424
-40106
-19740
-34425
-34810
-45123
-33549
-32144
-37448
-33308
-24118
-44543
-26155
-19734
-32107
-37000
-27062
-35213
-22022
-41298
-44755
-36839
-41946
-42419
-45757
-17770
-9644
-38530
-36501
-28954
-20829
-32622
-44798
-44073
-28286
-28353
-19889
-45925
-36471
-12869
-36411
-40637
-29738
-17881
-28718
-46278
-40485
-35042
-25859
-29545
-33446
-14974
-25381
-37059
-35584
-35506
-14302
-17032
-40705
-30423
-9424
-44580
-37405
-19373
-39700
-38221
-13612
-33472
-25707
-39273
-2073
-43269
-41812
-27191
-40063
-41340
-38007
-27724
-38703
-46332
-41273
-27382
-17925
-43276
-22705
-20271
-30360
-31472
-35944
-41176
-36330
-14895
-31553
-44730
-25196
-24896
-42758
-38122
-33374
-27814
-20818
-31319
-43985
-39981
-39402
-25171
-31208
-36193
-21105
-44545
-37892
-36215
-27774
-32154
-40435
-8747
-16125
-41944
-38083
-25960
-34704
-34001
-38521
-37378
-22290
-6824
-33099
-30186
-27271
-13468
-43758
-37679
-44823
-19524
-18226
-4106
-25883
-43700
-35166
-40326
-32903
-28038
-38479
-42163
-34234
-32100
-38311
-35471
-14680
-26615
-33659
-46255
-2198
-44922
-43877
-45644
-43885
-27005
-39671
-9997
-16197
-42992
-37447
-35727
-43885
-11015
-34542
-41423
-10314
-46157
-25860
-41295
-43262
-44777
-13916
-41908
-31493
-22030
-38638
-43332
-37163
-39040
-35285
-27518
-33789
-46027
-22143
-39206
-22783
-44115
-35464
-21062
-19364
-42149
-20599
-21232
-43901
-41502
-34787
-45407
-16652
-40885
-5103
-23176
-46048
-27208
-31530
-44838
-44738
-28007
-39158
-42310
-24906
-22541
-42859
-36169
-40324
-31325
-42122
-36180
-21901
-26459
-36689
-6031
-38894
-27920
-41332
-31238
-2471
-35587
-34915
-33739
-21225
-24366
-43981
-19300
-34661
-44717
-26281
-40381
-41633
-38486
-46336
-28365
-36843
-10936
-23469
-41772
-15401
-15085
-36167
-7711
-40652
-18111
-38463
-33161
-33487
-45701
-42168
-46013
-29306
-27718
-21286
-17240
-27884
-41908
-17382
-45004
-43684
-32004
-41278
-31444
-44324
-33211
-31783
-37823
-23997
-12582
-29674
-22723
-40707
-46158
-28064
-30682
-44835
-39922
-16018
-36154
-36308
-42029
-20727
-37922
-43439
-26212
-35900
-34970
-41183
-45090
-30478
-36783
-33948
-32615
-43226
-18186
-31194
-31591
-33500
-22532
-19946
-33427
-38376
-35280
-43574
-38372
-17084
-29324
-36888
-35628
-39780
-25367
-11176
-36238
-22236
-24433
-41322
-7944
-28395
-35394
-28683
-16040
-32668
-45979
-39657
-44861
-17968
-40067
-46144
-42729
-19905
-41653
-31488
-29178
-20311
-29300
-24534
-16099
-29206
-25128
-29426
-43187
-16603
-38271
-11579
-44815
-32975
-25736
-41966
-45016
-30895
-43911
-39018
-39605
-41861
-44147
-39250
-35613
-21016
-44837
-29023
-11093
-33245
-7180
-34778
-35145
-36873
-10955
-26280
-19946
-18852
-18975
-4835
-34223
-33921
-31878
-33788
-43892
-23754
-45738
-35485
-41775
-40761
-16573
-39326
-22073
-28315
-28838
-12806
-40622
-9236
-29564
-20576
-41050
-32000
-39819
-46328
-38109
-39158
-20411
-27793
-44558
-35169
-26515
-36074
-40407
-36076
-11431
-6170
-45404
-42702
-40443
-43945
-11025
-10620
-22798
-43621
-44535
-44948
-20936
-32824
-19617
-29805
-5208
-40827
-7937
-19160
-36802
-35635
-45926
-32601
-19040
-43764
-20384
-24819
-29685
-15819
-45427
-30595
-27198
-43519
-21460
-45754
-24819
-39709
-40602
-32849
-32406
-41441
-29358
-45166
-30109
-45187
-46333
-10289
-25748
-45572
-37113
-38390
-25266
-22405
-14931
-36980
-25341
-44696
-32414
-34550
-35127
-27872
-11047
-26054
-45797
-42667
-37765
-43591
-22874
-25512
-21716
-34828
-22744
-36676
-31321
-41244
-42988
-45547
-11764
-32420
-23100
-16948
-4544
-19369
-32359
-20965
-41686
-40317
-41343
-12616
-17830
-33460
-36896
-40695
-37239
-38989
-35148
-31932
-20263
-23773
-32495
-16145
-32723
-21904
-36916
-40846
-26862
-23125
-41991
-42003
-14804
-40879
-42412
-45623
-42432
-38159
-39205
-28279
-31670
-35988
-42703
-44316
-37364
-30677
-39936
-27815
-33435
-9513
-32042
-22199
-35527
-29981
-31367
-38592
-5486
-20360
-25885
-36619
-29821
-41087
-45812
-34111
-36737
-9009
-45968
-21942
-33796
-46308
-36403
-45243
-38765
-42538
-27038
-30127
-41786
-33019
-43493
-29468
-30173
-45826
-30878
-21687
-21765
-28414
-38307
-23145
-21079
-17069
-43203
-27665
-45720
-26364
-2826
-24358
-27174
-39890
-23842
-41433
-38524
-38210
-36193
-31458
-32068
-42868
-34188
-16787
-22051
-44473
-26782
-40960
-10837
-45283
-24825
-37296
-35068
-42033
-44574
-43432
-10191
-29567
-29314
-33717
-20584
-44184
-31849
-8895
-36962
-15446
-41289
-26376
-30587
-37098
-8402
-45816
-18769
-26847
-40950
-22257
-17960
-23179
-10176
-46175
-27166
-18151
-45795
-44029
-42571
-28814
-44684
-42419
-18810
-5518
-32803
-38600
-27666
-20165
-29589
-42718
-40488
-31162
-36648
-39851
-26673
-22138
-43269
-35655
-19080
-38524
-41014
-20577
-15152
-28641
-28430
-29001
-28701
-39817
-6436
-46285
-24383
-45594
-41567
-33883
-40456
-39350
-15784
-39050
-14723
-36138
-40833
-38793
-28222
-46238
-34889
-16084
-43017
-26641
-33097
-44522
-6850
-43770
-40682
-37756
-36600
-44860
-41039
-40629
-41089
-28485
-20551
-21390
-43577
-36479
-29236
-10066
-34433
-27297
-46002
-43575
-37475
-43099
-9613
-40924
-42787
-33542
-37725
-38641
-41720
-35205
-31647
-37839
-22779
-21348
-25138
-44270
-19446
-20221
-40514
-18198
-32379
-40481
-39677
