258 544 8 435 14 
344 
552 471 565 410 
197 463 601 
170 
490 2164 
251 490 
258 
258 0 435 14 751 
453 308 761 481 
420 519 192 193 280 
624 659 
84 155 
1234 578 482 
258 258 437 400 393 232 544 746 242 708 31 736 268 384 0 8 613 751 435 443 
234 701 254 152 399 253 129 538 322 80 
552 466 566 1697 
146 
747 427 745 890 866 1932 127 
74 571 571 
640 732 25 334 267 267 
438 294 1378 567 
163 129 2257 1790 191 
41 759 
39 269 
1181 1897 778 20 456 
747 2612 1129 
84 532 
611 1606 1718 586 
426 319 382 429 
679 231 1148 285 2276 
14 1116 250 
679 
250 1591 1701 1701 
559 66 565 566 35 
34 
745 1591 1066 2072 1974 2390 1701 1933 257 
563 
219 372 563 273 1689 
24 82 
761 761 
1733 889 94 1982 725 533 2456 1713 892 352 23 115 888 1713 1716 
163 793 188 189 188 
747 576 
686 2428 88 
1459 490 492 220 
489 238 301 238 867 
87 
1783 2682 2456 725 
581 643 
581 583 643 150 
645 2559 772 
430 228 2487 2580 478 
803 243 1563 1439 
523 1687 2334 712 615 
163 1905 361 1832 844 1784 
1027 967 778 
552 1459 565 306 967 
1891 536 990 2495 
570 576 1520 839 1709 570 872 874 
552 562 565 252 688 
240 
324 332 2425 945 2474 2566 423 423 
739 1546 210 153 
583 289 486 284 284 
743 744 
2359 1248 2294 69 215 2310 1531 2441 2122 183 34 1698 149 2520 288 2157 
729 
1979 979 1845 1632 2007 522 1825 
66 
1521 1692 255 931 999 1986 
929 677 2442 1559 1923 661 1641 74 
747 745 771 771 202 
747 
906 1024 1017 1103 871 949 1220 1634 680 604 2513 2266 154 975 2654 2284 2335 505 511 987 2013 252 345 1676 622 547 881 787 2390 1928 263 71 661 2124 310 377 19 867 2421 193 
1123 2122 2299 1854 1855 288 1354 
869 1128 131 975 694 1934 345 181 2532 250 2390 661 2327 1548 392 518 
337 
766 560 157 2681 469 214 
438 2207 
15 2044 
647 
1378 565 39 548 1440 305 239 410 1553 295 
747 294 
347 1240 1241 12 715 998 155 347 1240 27 950 1803 1347 1550 
552 294 465 565 425 2368 
735 652 249 373 
383 47 2245 719 2021 
251 762 587 116 225 760 44 682 208 371 
638 430 635 
680 
747 745 
552 2438 1259 565 136 479 
759 725 
41 126 
759 161 1255 358 
438 649 478 2061 
439 
1954 615 2696 
759 1852 1803 2578 1613 2592 1619 1722 2679 1255 2578 2679 
1611 265 758 
1112 331 2680 2686 
404 2012 1824 1893 1895 2333 1964 2583 
294 465 471 565 128 
747 771 
1326 2434 248 
597 
1288 250 898 250 498 108 1937 
1288 250 107 898 498 304 
640 635 640 535 1296 1888 1074 459 672 884 2315 778 1661 171 955 507 488 967 2053 2054 
747 745 687 
350 
747 624 881 572 
747 
171 
41 138 904 2153 1713 2421 
686 2428 88 
345 513 155 452 
465 565 636 
430 228 686 
2175 1184 1959 188 
1990 1825 731 595 
1093 124 127 2400 
553 
747 122 2400 127 745 
160 394 1857 
94 2208 
747 122 124 2228 2400 745 18 
294 565 103 
163 15 2363 2446 1973 1409 188 2220 2165 2451 538 22 2193 1204 1728 
640 459 672 
76 
346 
608 611 394 
1118 1782 505 2135 
418 654 
1259 2399 2487 2580 1370 2172 1479 2543 1776 244 92 1413 159 1102 2231 2635 986 479 1539 
748 138 416 138 
748 137 748 137 892 416 115 1713 1716 416 
2361 188 
323 
163 1184 188 
823 1318 1547 520 1283 230 227 391 
201 180 337 346 363 
188 444 2102 
163 1646 2521 2286 390 1224 1218 2248 2251 2280 2296 1530 
747 427 17 
479 
1649 1687 656 460 210 
66 
50 643 
1595 1528 360 
15 1383 
747 294 63 
74 392 
84 12 117 513 
521 236 431 314 
1017 2230 1375 1637 1075 393 2680 897 716 1289 2019 2540 979 1038 214 766 2021 1718 560 181 740 78 2095 916 1452 371 1550 1340 2417 
184 598 433 707 
136 2172 2066 2543 2674 985 
2681 469 2540 125 1857 322 
759 713 95 996 2311 1147 684 
173 775 
402 659 1696 2295 1274 1286 1544 2600 2363 1905 1611 141 1807 1110 174 2521 1792 1675 1334 813 1799 1943 2077 765 769 781 940 942 1590 1734 1872 2286 390 1717 1030 2274 2518 606 800 1575 546 1070 309 935 1205 1571 1971 1127 530 856 2604 910 2173 191 1253 1728 1729 1206 2177 1136 1457 2265 1225 2563 1689 1498 563 2396 717 1890 188 982 1130 55 346 2673 1379 1380 1207 2451 961 42 624 1573 2232 145 2361 2659 743 744 1139 1572 1303 1305 129 415 2204 1224 219 2667 727 448 237 2557 2200 22 1218 2202 1069 1178 2175 966 1219 757 1685 1691 1850 1159 1410 380 1536 1650 1558 2564 2298 1362 1784 1831 1065 290 1277 395 1098 1404 1099 2196 2554 1715 2248 2251 2280 2296 1113 714 2638 602 1530 1257 2259 689 1060 2039 1594 2116 1775 422 2316 266 658 1333 1153 1515 1114 523 1106 1467 793 188 189 
740 517 
432 
649 457 1125 
552 1459 554 559 559 
475 1756 2604 1728 
570 212 
250 4 
109 114 
430 635 245 
552 294 565 566 162 1378 575 2485 
163 501 503 2409 
747 
379 756 
430 635 2192 965 885 1489 1959 911 
378 286 
608 611 331 
350 143 
76 766 157 662 518 
468 491 
66 539 454 541 
158 428 432 433 
324 332 389 389 
747 294 566 588 
462 
163 129 144 141 721 755 717 42 163 415 757 380 139 120 262 523 189 42 
2664 188 42 163 395 2102 
519 2223 356 
163 294 448 22 395 
420 10 705 510 193 280 420 519 439 
192 10 238 2549 74 280 420 519 
673 
735 707 196 
216 195 707 
295 3 633 749 
747 655 
591 640 
1891 536 1464 
350 143 427 1718 1990 
747 427 771 204 204 72 
747 2499 359 
747 1645 202 1811 597 2410 2650 202 741 274 2410 
747 427 745 600 
1028 1488 1490 1891 536 1042 
747 688 1676 1536 
430 635 1569 88 2343 1270 
415 2334 2704 
552 1459 295 738 63 644 148 
325 645 1527 2076 
570 576 169 
490 492 734 
157 469 587 78 
66 478 2380 2061 696 
735 196 
747 2355 685 
378 478 1290 
163 402 1325 1738 38 2563 1689 563 846 757 1404 712 846 
552 295 490 45 
629 
581 643 
430 686 
1819 597 1601 
686 2428 88 
617 
638 438 378 478 823 1318 1547 2319 296 142 
2465 2617 1692 259 900 119 323 52 
747 477 
427 1283 520 1284 406 391 142 
486 285 30 
14 613 268 
1990 595 
747 15 
747 
430 1617 156 1270 1271 
163 329 1060 
193 489 301 46 1815 46 
552 1378 565 82 
2652 2308 61 
763 
14 1006 574 
728 357 53 
565 136 750 
1636 172 
560 
2257 500 2446 1973 563 982 1261 1117 
1326 398 2088 419 105 
2649 86 652 
427 76 577 170 694 708 31 736 639 498 499 584 304 107 108 33 107 
2560 6 932 1877 482 88 1505 1505 865 
74 294 562 688 60 
15 1815 2670 1815 
15 1176 
569 70 767 421 
635 2369 928 430 2225 634 983 
667 480 36 
7 400 544 1031 268 0 8 14 1111 751 435 14 
582 228 320 
2559 1527 1324 419 619 2524 2166 419 2069 
345 626 
266 793 1980 188 
74 2421 668 
638 635 
100 758 758 
163 262 
459 732 334 20 20 
258 14 613 616 232 2571 2046 616 
24 
467 339 342 495 573 276 
718 2056 
516 914 1551 914 
38 372 
566 478 204 
464 
467 342 270 2115 2546 1993 1993 
552 523 294 483 567 
1898 324 326 
464 
519 192 193 2549 10 
858 460 
589 592 
523 747 565 2093 
583 486 64 64 
486 231 1148 30 
378 2195 178 1963 
591 640 549 
66 75 2380 1377 2037 2157 
1534 1535 1537 612 2568 1498 1278 64 
163 2220 1911 1839 
487 
759 904 
576 387 
83 1353 21 502 1438 665 103 186 173 638 554 191 1672 807 252 699 85 633 636 2476 2430 465 466 477 483 564 565 566 588 128 153 277 
471 565 1782 197 2078 1012 1316 220 210 82 
638 438 1236 227 692 
809 1321 441 
552 410 
746 2083 596 1827 2110 
1621 593 
489 238 46 
428 432 598 428 
426 1174 478 2091 
427 250 108 1461 1912 
552 565 82 410 
552 554 565 57 967 1376 
735 598 
9 2028 1456 
163 
747 74 2513 668 
552 406 
427 645 772 577 
1354 1377 801 534 1642 
1073 1596 1726 156 1244 1684 509 
747 
344 
417 2326 508 
426 445 2310 991 2333 686 2427 1173 1644 
29 1273 
259 
566 1954 1192 2179 2305 
2508 1027 1644 160 15 967 
1322 228 2560 2467 140 
62 326 278 389 185 326 327 332 
1201 211 
324 324 278 327 
324 326 945 1899 1532 
747 2619 
237 
747 576 359 731 354 
179 101 774 
62 324 389 185 1064 
477 565 566 463 
267 20 
344 426 378 585 
747 
77 143 346 363 
627 
1549 270 1602 495 342 
529 341 709 
340 529 709 709 
1945 2546 270 276 1993 467 339 776 495 729 1800 2016 
1274 1571 530 1303 1098 1577 1523 
1622 1 2617 2609 1671 335 1881 2339 2441 2229 963 316 1442 1445 2589 1312 1627 2032 2171 1267 1275 2290 2291 1260 348 1244 675 521 2426 1007 2215 
117 2389 2266 1924 261 74 76 2421 622 
163 132 143 337 363 
713 998 999 452 84 84 
638 344 1596 1244 
747 
180 111 730 201 770 664 427 351 
350 730 
41 904 1372 
747 427 
576 330 839 1072 1520 
576 745 1562 1093 1094 2068 
190 510 
2089 803 243 537 1563 
95 1255 
2499 203 2376 1787 2567 2505 1871 330 1320 2422 2498 2499 2322 808 1342 1068 
698 151 
55 
747 2191 
143 346 337 
590 366 365 
590 2572 364 2112 
364 590 
552 483 565 440 
611 747 
747 
552 562 875 
157 88 2507 
38 273 
652 86 
552 455 
638 635 1576 836 
558 641 704 
74 622 
960 335 2012 2195 2042 1238 218 178 286 585 1644 1290 1207 227 692 1275 2290 2291 1963 396 2447 2583 1027 1061 1678 1539 
756 176 
163 188 1737 1784 2641 2196 1473 1474 1257 934 
430 2342 686 635 
1236 29 2132 1837 
87 638 631 
14 
565 567 
611 747 745 
293 
439 2590 2590 
577 324 332 185 1937 185 
163 145 
427 438 1283 230 142 
76 154 
157 14 
608 125 133 
163 191 189 
378 478 
747 2346 659 
419 248 776 
427 1250 1251 15 1250 1251 
258 2354 2360 555 14 
2462 577 632 442 
163 403 681 219 538 
2302 402 2104 2309 
102 
1592 1285 753 
427 230 2307 311 
512 2439 1763 1298 1875 1298 
630 
2582 753 1606 1298 
565 82 2 305 298 
1891 512 2594 1470 536 2582 1600 2232 
552 688 
611 
1174 1877 908 1442 1445 440 
163 523 995 789 2664 2103 1737 1832 1836 209 1790 2353 712 188 
137 138 1713 2510 1913 138 
317 508 
479 135 1312 1269 1198 740 
1527 1326 398 1747 260 248 260 
10 2214 192 2590 519 439 192 193 2214 
255 
163 1069 1685 1691 
557 558 1290 62 2425 1934 557 62 
571 
565 85 
29 335 2369 1576 836 1187 2126 1486 937 303 1275 1061 1528 318 2431 
2044 2295 1274 1766 1914 2255 1103 1811 2383 493 2453 1760 665 2574 2388 1399 1405 494 610 587 2258 823 1318 526 1547 2412 1037 146 2306 312 202 1283 1284 230 2658 399 698 406 1975 250 584 304 2448 2683 1488 18 954 2437 916 1999 674 946 1577 658 205 696 461 1340 561 353 391 477 350 2024 201 
184 598 433 302 432 302 
1290 1514 29 
2487 1617 2593 1637 683 2033 1165 1792 2197 2137 223 1020 524 1698 381 1284 651 1207 2343 547 1568 632 2557 208 686 172 177 89 1270 119 52 236 686 635 256 1569 634 
1608 2137 156 
184 598 428 433 302 165 
158 428 432 184 
1339 597 2473 
258 0 8 14 751 
635 
14 
79 550 96 21 607 227 296 616 710 692 720 391 
420 192 97 388 
562 414 367 
638 297 
635 1908 401 
14 
144 753 
690 318 
552 554 
630 1501 1471 630 
163 191 
638 566 479 1539 
954 2558 646 
552 2537 2666 
347 513 117 
591 2156 9 706 1712 2059 2354 2455 1566 1358 1661 2092 2098 2099 1449 514 2618 1269 876 1025 2034 549 1124 
539 1368 183 541 
552 374 
1560 569 1296 2455 2653 2099 1748 549 672 25 
649 166 
747 745 
640 267 1705 130 109 
281 148 
427 
1644 187 2582 
477 483 564 3 333 
467 573 573 275 279 
523 294 118 2027 103 2672 85 2368 466 565 566 565 
552 294 465 16 565 566 
464 2000 270 276 495 729 342 495 729 2016 
1713 896 182 2377 491 
160 78 214 
478 
2 1045 103 1632 1859 295 621 
552 566 1006 650 
552 1459 
635 698 
168 
605 1091 1056 
294 1645 1766 463 229 2409 2658 427 333 565 566 745 
523 565 96 215 618 218 520 497 227 470 303 754 396 568 52 274 479 
649 478 147 418 1354 1627 2636 92 2300 136 449 
2570 667 2270 257 
9 
251 551 578 13 
552 294 463 933 749 367 650 277 566 
641 642 1574 
2514 711 2380 1838 2561 
1597 231 1278 64 284 1148 285 2276 
538 291 
591 549 109 2053 
747 2670 238 301 1815 46 
6 220 5 492 734 45 213 
468 182 2377 2318 
565 1741 490 2323 1186 734 45 213 2419 
427 
747 427 
467 339 342 270 467 
2393 501 1896 663 
2342 478 
250 107 108 
1287 1288 250 
247 2444 1767 563 
496 174 503 663 
747 294 565 567 2536 
1813 174 1952 501 2396 1851 2029 
702 
74 134 
514 
2427 549 109 798 2391 1888 2548 2391 
523 417 2326 317 
669 314 
519 192 2223 356 
611 74 
407 411 
117 452 155 
569 453 506 
2164 637 
272 
1198 1170 2509 164 
76 766 662 2532 181 
420 2608 10 190 705 510 2223 2549 2590 280 192 193 2549 2448 
478 230 142 719 524 
638 344 1259 156 2312 1081 1082 
68 525 
163 478 870 2442 2600 1616 2551 910 882 283 1214 1687 1931 2408 961 54 2642 1676 508 540 415 1790 465 565 2480 551 1921 277 717 188 
430 520 1454 1169 
1425 684 1419 522 1427 
747 427 
747 2606 1656 2662 1968 
678 
340 341 709 
163 343 
2187 693 1490 
27 
41 777 
313 
1560 672 109 761 
411 200 206 58 
357 606 1204 
15 129 402 2309 487 1738 1689 2165 2193 1204 1036 2165 
1123 1665 1210 1209 183 1453 454 541 
523 543 603 1121 1640 
1123 539 454 183 
747 1203 779 779 
540 
258 0 14 751 
747 
163 
430 74 
552 565 1859 1860 82 
591 640 287 453 591 507 456 574 488 672 
569 438 2423 1422 
523 482 2215 2473 
548 374 451 472 2 305 239 446 644 220 311 653 16 173 554 559 412 723 85 688 621 636 738 749 57 60 210 671 167 92 691 367 466 473 483 575 455 298 601 370 306 277 
2459 123 
552 446 1859 167 306 294 565 875 
615 400 556 2354 
2354 2360 555 615 
423 558 423 
2660 376 1934 2463 557 1137 1816 905 1641 1532 423 1555 2034 
552 34 1816 167 1378 2341 167 
1375 2287 78 955 938 157 740 1452 246 
747 427 745 
1401 2014 2018 252 440 1889 60 671 370 1117 1183 
163 247 219 37 38 500 
294 463 565 738 1841 
523 294 465 478 548 1782 2 118 1440 2027 305 1401 1585 239 425 2442 1012 1376 1616 502 1316 644 1438 773 385 842 1957 1213 103 173 910 554 1741 882 2672 34 1546 283 492 85 2118 1859 82 1529 410 1727 1540 621 633 738 57 60 2472 2642 1676 244 1975 671 333 92 691 367 1790 465 466 1378 477 564 566 2480 575 2485 2628 2629 128 1373 295 601 306 
1459 294 465 565 1782 472 1544 733 16 186 1447 173 34 2221 699 688 2658 633 858 1816 671 333 466 477 483 2480 2485 588 1643 274 321 449 
21 502 385 1828 970 277 
478 843 
1181 767 550 1273 1092 1712 255 1522 1986 1457 1430 2099 514 710 1269 1000 456 1025 
212 2026 1258 1381 1200 1243 1246 1524 1709 169 1922 1814 872 59 874 1245 1067 576 1520 59 
2331 424 2495 1762 19 2694 2495 1762 19 
747 624 881 112 
464 270 464 
640 549 672 1962 242 2360 2475 1827 1006 2040 
552 565 882 1378 2485 738 843 173 
605 863 212 293 2026 1258 1381 1526 1200 330 354 1524 1710 570 1922 726 1801 834 839 1814 1014 2552 1932 59 874 1245 355 1067 731 1710 43 
2660 1502 389 312 2492 250 1532 401 2034 
1877 482 13 1122 1333 
611 747 696 
922 1212 1497 581 1126 1215 
222 49 50 580 
818 259 1792 1498 
2398 2568 50 1214 1278 1126 64 284 643 2371 
427 250 639 
378 335 911 1275 2290 2291 1061 2091 
28 
427 88 214 2239 
747 294 566 699 186 699 
282 592 592 1509 
364 365 366 
2690 2155 287 1186 453 549 1358 2475 2182 848 199 488 1032 1105 2054 640 549 672 
589 1144 282 589 1509 
300 594 
1122 1621 593 1194 
233 121 
299 
434 106 224 204 675 
158 307 428 432 302 
747 
747 745 205 1052 
552 611 565 1741 3 
163 1114 2334 
540 1047 1640 670 
74 668 
576 476 676 
163 537 
438 1306 1055 821 
394 2230 680 975 179 133 611 
747 719 
747 427 
608 899 2230 2501 1103 2340 2352 718 864 2505 1755 1763 2050 386 179 716 1732 511 2540 2676 2385 1668 28 633 1352 579 1493 133 1116 1564 368 1488 2378 938 1265 1935 1499 2260 1315 2325 601 413 2378 1935 1079 719 
2568 289 1046 1348 629 
14 232 2571 268 616 2107 2496 
615 
555 614 556 98 54 
438 613 268 268 2046 
226 
638 478 
260 
747 
552 565 1859 471 738 
74 345 377 
2341 1172 637 2140 1937 1064 
163 112 11 700 572 659 
700 659 
687 261 
1057 338 1562 1679 1270 
747 
1535 1537 221 612 
447 408 447 
1057 383 1562 
2508 430 635 1909 683 401 1582 
1459 611 294 565 566 197 
635 256 1570 2593 1513 430 686 
683 722 442 660 256 381 474 651 430 632 634 208 264 686 172 177 89 436 375 640 109 660 
552 294 118 2027 2173 2672 2174 2204 2233 764 1573 2687 764 
515 623 
2465 2146 701 862 722 1808 1189 383 618 1460 1312 1468 1895 2673 2171 441 227 296 2541 2045 1327 264 779 348 89 1027 521 2426 375 1539 1919 449 294 2409 
250 1763 584 
635 287 459 1363 549 1897 109 2475 20 732 591 574 130 199 2054 109 
1739 376 484 
484 697 
583 1121 1904 2489 222 49 50 150 
552 565 210 
51 312 742 211 
450 
81 
693 
2560 166 2294 96 2581 457 2403 2123 752 1643 479 
483 656 1006 472 1557 
430 635 
373 86 249 
552 2480 
135 1260 
747 198 
773 657 148 650 
656 1581 
163 427 1577 
163 695 397 11 624 625 
635 635 
71 74 76 1191 
181 518 
496 2393 501 
350 978 
747 427 294 
745 
2570 2270 480 2072 1974 2227 1356 1928 257 867 
1508 604 975 2413 2414 263 2683 1315 2562 310 
509 
603 
552 1459 562 565 566 1599 
2329 535 2004 1386 1343 2360 1363 549 2696 1460 1293 1003 1004 2653 591 456 924 574 130 109 2040 
194 
427 
344 2215 2339 1442 1445 597 1429 
605 1091 1056 1014 
71 
528 
30 32 
608 747 74 90 
402 2309 712 
1791 2430 88 
430 686 635 1860 632 
1425 1550 1425 525 161 779 
747 217 
430 683 1273 116 225 760 223 44 1698 381 430 2541 2557 119 318 635 634 
745 1157 2381 626 110 1564 2683 1700 1704 741 
552 566 1248 252 835 60 207 412 
163 1826 1580 967 
445 2457 
552 565 1649 2658 1557 
438 378 1191 296 
1501 648 1471 531 
76 250 
747 659 1967 
747 427 215 1672 579 
642 
427 360 474 1431 
747 294 566 588 588 
747 879 624 625 
638 1644 15 
504 
747 2233 
376 
519 192 1910 
453 
158 195 196 
14 1116 250 
340 341 529 341 
569 438 847 
485 
415 219 681 2664 1965 54 1036 
347 161 
163 2089 1218 1035 1299 833 
84 
611 157 
163 2502 1877 2568 1122 523 188 
611 271 
747 1133 609 520 1112 1838 2561 87 1666 611 
438 
188 
638 635 
552 
747 2612 
41 93 48 
576 1418 1068 
163 1136 1016 1799 
1016 243 943 1127 1305 1466 
467 342 1945 67 1993 467 
350 770 1889 351 
1450 330 576 1778 808 121 1656 
640 267 1897 20 
566 
490 492 213 
216 1956 2527 307 195 86 2106 2649 
14 1116 250 
747 2024 
552 565 1585 1376 1213 1741 1727 621 210 564 575 2628 2629 1183 
63 
157 929 164 418 560 1703 1559 1664 1667 1683 
747 204 1157 687 
1240 645 772 
163 2030 2659 2077 65 2316 744 
163 2030 2077 65 743 2316 
600 458 1756 1763 666 1157 2162 386 687 771 110 2165 72 1564 18 477 2437 962 1932 1700 1704 36 2325 124 127 355 205 1886 2336 561 91 1884 1885 1886 
14 299 
83 336 73 600 203 349 112 234 458 680 695 198 502 724 328 397 737 599 665 545 186 494 609 610 315 330 386 620 229 235 700 628 526 527 763 146 283 104 771 572 699 217 110 202 204 43 655 72 579 26 685 368 18 779 542 588 703 741 310 124 127 719 153 205 207 113 696 489 561 369 175 353 91 362 
1933 138 1926 1933 137 1941 138 
552 1459 483 2485 197 
244 
258 14 544 8 435 
649 1621 
405 409 444 
478 
188 757 2058 1404 
379 176 
163 219 846 188 755 1965 2058 
100 1980 265 265 
93 95 161 99 292 23 
686 2428 88 
40 535 9 40 
88 
747 241 2355 1879 
910 636 1573 2687 769 1581 636 2174 1311 
163 
979 181 2532 78 518 157 
569 255 
772 
163 764 
1285 350 730 
747 745 202 104 72 72 
1502 768 51 2166 2167 312 742 1240 1241 2076 1147 
565 1643 1687 656 
2707 1493 331 
1459 875 162 
342 1326 2166 398 2088 
533 
109 25 56 
638 747 1203 542 684 542 
1139 1598 
163 846 1184 1533 
1532 
1328 1812 1407 1155 
845 1613 1338 917 
1328 1812 862 1155 1513 
1363 1003 1004 791 
74 1287 1288 1437 
2341 2425 945 2323 1414 1268 1268 
415 1409 1206 
2057 1234 1510 1510 
1560 1003 1004 1661 786 
1095 798 
1110 959 1334 1694 1330 1734 943 1070 1205 1127 856 1380 42 1139 163 1069 1691 1455 1715 1249 262 1333 1467 
795 
794 865 
1629 
1645 
1433 1095 792 507 1105 
1122 2656 1699 1706 
163 1136 
313 1475 1542 
973 1168 
357 53 1563 1439 1439 
1459 1697 1585 1664 
930 990 
1354 1138 1121 
294 1672 1438 
359 731 863 1450 1320 1342 
1190 1229 1639 297 1222 1044 908 1615 812 814 919 1080 1365 1129 
1287 1718 
910 1140 1253 
809 1044 1080 1365 814 1365 1341 
163 1523 
809 1044 812 1365 1321 1129 1080 
1523 880 
1203 881 
1125 1212 818 819 818 1367 
582 1125 1212 1215 817 817 819 
1212 1215 817 818 1154 
1146 1252 829 1115 
1389 1421 607 
1484 1644 
427 1283 227 142 
1215 1621 1215 1707 
1215 1215 1707 
1273 1606 1457 1422 1237 
1527 909 1894 913 
1457 1422 
1252 820 962 
1252 
2243 2466 885 
1701 1701 1052 
1218 714 1796 2001 1516 
576 1067 1520 1814 1814 1821 
1248 688 
426 1595 1266 375 
1007 1489 1686 
1458 
576 1072 354 1520 1526 1709 59 874 1067 
1196 
1240 2559 
565 1540 
1101 2658 568 575 
1184 934 974 55 1784 
784 
219 781 2173 1533 2204 219 757 
1402 1468 710 848 1032 848 967 
591 847 1388 1739 1400 1468 1607 1223 847 1032 967 
1720 
917 
1491 
1654 1015 
1053 1732 1019 2423 
1178 2598 1231 2211 
1654 1338 
163 1016 793 1153 
1125 1483 2060 
566 1084 2035 991 281 2556 2303 
1198 
1184 1940 1911 934 
1236 1431 1678 
638 986 1019 2423 1812 2364 1513 1407 1155 785 
576 2499 808 
611 1079 
2560 932 795 251 1505 
18 890 
74 667 46 1493 
1643 1649 
76 1374 
523 1687 
74 1591 
570 1520 59 
1520 920 
570 576 1520 839 59 
933 554 775 370 1192 
1269 453 1006 1025 
1569 1010 1578 1651 
1023 1472 
700 979 
1523 815 1523 
1256 74 1203 1119 2295 112 816 2702 572 2203 2405 1411 2454 2423 
523 1378 565 575 1012 1616 1316 1529 
1665 1210 
109 1658 
1335 177 831 
1295 
1531 983 
1731 896 41 
41 904 2153 1713 892 
18 866 
1437 
41 138 904 1713 1716 889 
1259 1174 1290 
1255 
1436 
888 1372 468 
1240 157 
1687 107 108 
611 1672 1564 1565 
1351 228 1583 1533 1207 
1497 1553 1554 
1174 910 964 910 964 965 966 981 
1491 1672 
1733 889 892 352 1372 115 292 
1287 558 1393 976 1397 
74 1860 1019 
1252 
414 809 2304 919 
1527 827 1894 913 
163 523 565 1589 1673 1131 1432 1590 1140 1253 982 1573 1311 964 966 764 811 1221 981 1481 902 1117 902 
1354 585 177 
1240 1241 1149 1150 
827 909 
272 1551 272 
1172 1294 
427 157 1038 2686 2373 2374 
850 784 1338 
1252 
809 1129 908 
1520 873 
1265 1725 
580 1416 1233 923 
1126 922 1416 1233 
1480 1309 672 1539 1460 
1532 
1112 1019 
1328 1019 
1636 256 983 
71 1697 740 1559 2442 
1254 1062 805 1254 
1484 70 1053 1000 1463 
251 1505 865 
483 875 
1353 940 1009 1631 844 860 380 
163 1136 
1515 
426 1234 
611 560 1127 2196 
1242 1242 
163 934 
1717 1441 
163 1153 
1016 793 728 1466 1646 
1335 1337 
1287 62 788 327 1414 
427 1600 1179 
1328 
1281 1282 1446 
1512 74 1608 
1240 1241 84 
2605 1554 1401 
1660 1064 
972 
427 1461 1591 450 969 
109 560 1280 
1178 995 2598 1231 
967 
1409 
793 1130 
378 1292 1301 
163 523 1515 
745 829 
344 1519 
910 1673 1432 1140 965 966 1481 902 902 
964 1673 1432 1590 1140 1253 966 981 177 1481 1060 902 
163 910 964 965 1673 1131 1140 1481 902 
109 56 1394 1400 957 1561 57 847 848 689 322 306 1032 
1285 
954 
1378 567 1396 974 1533 
1527 1326 2166 1602 
953 
993 802 
844 970 
608 74 76 1079 668 
1287 1393 1268 905 
1234 
1954 664 1593 1825 
1845 68 879 766 157 1825 
1488 
910 965 1140 902 
163 247 910 
1636 256 887 1531 1302 928 1002 1735 
1048 
2038 2066 159 1102 
2484 862 1642 2616 2605 136 1644 2614 2616 
1240 74 1608 
1515 
1418 1068 
58 1774 805 1774 
318 1084 858 1368 
1354 
973 
1354 
1690 415 1178 2139 956 1971 1985 1690 1230 1231 1232 1495 2673 
161 1015 
1271 
347 1240 1241 84 
1512 347 1240 70 1463 
569 1185 931 
1354 
983 1735 
672 2146 2028 2483 1343 1364 1469 1897 1004 2182 791 786 1004 
672 1003 2146 2483 2350 1343 1364 1469 1003 791 786 
1313 
2360 472 242 876 2040 1025 650 574 
344 2217 2426 1919 837 
1569 1011 1486 
1079 2175 934 
1061 1569 1011 877 1651 1182 1578 
1569 1008 1010 
565 295 882 
1156 
576 676 1091 1056 
852 996 1338 
1110 943 1070 1205 856 1729 1305 727 1670 728 1466 
74 1574 157 
1136 1142 1142 1139 
853 906 926 862 927 1256 1290 
1322 1328 1329 430 1337 2577 
1464 
1282 
1090 878 
2338 1335 74 1053 
569 1238 453 1290 1006 1388 1712 1449 876 
1433 1105 
638 1322 1336 322 378 1388 56 
1435 1037 206 1042 1610 
1090 2456 
163 1136 1946 1796 
1328 258 
1335 591 847 848 967 
1174 
1178 1730 
1216 1218 714 
538 712 1662 
427 1028 1470 1042 1610 
157 1196 916 
1354 
1354 
1321 
1028 1037 206 1435 1043 
1435 1042 
809 812 814 1365 1341 
471 1540 
612 1345 1121 1344 2706 
1344 1345 1348 1354 1355 1420 603 1344 
984 
1498 1329 1292 
1389 1306 1591 1492 1499 1171 
1052 2576 
600 1066 1051 832 
853 1024 931 1463 1607 1197 1568 1191 
1249 
1284 1059 607 
476 676 1014 
1484 627 631 1359 1307 
2454 1211 
1055 
163 1136 237 965 1523 1890 2039 
426 1010 1578 1651 1244 378 585 
1323 2651 930 1254 
1136 1153 1628 1065 
332 623 1937 952 1937 
163 1305 1153 1106 1063 1279 
36 1052 
570 576 1801 834 1814 839 
2499 2500 359 726 989 
163 793 1096 1685 1455 422 1685 
163 1016 793 1153 
1498 1329 1292 
839 354 1520 
1636 1112 1569 314 1182 
1174 109 
157 1340 
2461 1086 1078 1078 
1153 
2461 1086 1076 1076 
1389 1103 864 975 1009 1724 1718 1315 611 
809 812 1321 1129 814 
1259 521 1082 
1259 1081 2312 521 
1660 
2035 991 858 
1292 
1240 1527 1545 1582 1641 1076 1078 
1512 
1565 
1354 
1023 1029 
476 1288 676 1014 
569 1484 
122 1659 2085 355 2228 
1659 2085 355 2228 
1360 1456 1433 792 798 
1069 
1393 
163 343 1305 1911 
163 1178 
1464 
1328 843 1111 
1174 136 985 1370 1479 1413 
611 427 74 1079 1579 
1260 1262 
591 2356 798 1026 
163 1305 1065 
1328 1617 
1503 1504 1506 1507 
1328 1570 2151 
163 1016 793 1728 1729 
1328 1339 258 1101 1412 2292 1570 
1403 1073 926 2415 1512 101 719 1618 
163 1153 1380 
163 1696 1588 1261 1603 602 1371 1117 
1252 820 
611 1593 708 31 736 1593 
562 1114 247 2089 1588 2332 1225 1261 1603 910 
1540 134 
1203 881 2405 
1677 2275 
1344 540 806 1138 643 1046 1640 
1534 799 1194 594 578 717 
539 541 1188 1176 75 1483 1354 1674 1680 
453 1566 1567 
1496 817 818 857 1483 166 
583 2489 923 580 1497 1212 2371 2372 
163 793 1153 728 938 
76 1288 1393 
1190 1222 809 814 919 1080 26 
163 959 1334 
910 966 1253 
1309 
719 1666 
1264 2281 
1174 1442 1444 
163 1286 1030 800 1740 1575 935 1063 1142 1018 727 1558 1516 1060 1594 1333 1523 
1459 1687 558 
1344 1597 1420 806 1121 2706 
163 793 780 1572 1018 1598 
910 964 965 966 981 2294 1311 811 
1240 1241 1172 
1136 1018 1018 
2429 2165 1404 
592 1509 
1323 
1676 820 
1240 1241 772 161 1347 
1534 486 1597 1355 285 30 
2044 1891 912 1323 1150 
912 1149 1323 1630 
1350 
1453 
163 1611 1675 942 1070 1205 1127 856 1063 1219 1410 1455 1077 1065 1113 1257 1204 
819 1531 
1328 1812 1601 862 1407 783 785 
1013 
745 687 1700 741 1704 
1550 1555 
163 2564 1485 
1166 
1560 1592 2423 2657 1702 2324 
1613 
1534 1497 1498 
1626 1570 1584 
430 1327 
1160 
1330 1331 1332 
802 
1284 524 1454 
1198 517 
1050 
915 623 1141 2341 2108 
1328 2583 318 
1033 1074 1135 893 303 1297 1102 902 414 
1325 1628 
1123 1592 1285 1354 2272 254 
1180 1627 1620 1519 
163 995 854 956 1476 1736 1737 1688 1690 1230 1231 1232 1362 1034 1099 
946 
1177 1620 
569 1431 25 
1569 1073 1726 1684 1010 1578 
562 738 1193 1202 
141 781 1362 1784 2199 844 120 860 
1521 1000 
591 1309 492 1268 
426 1234 
1123 1354 
638 1643 1687 
809 1321 1129 
1290 692 1053 2423 661 
2150 875 2473 321 
1183 
1122 1621 594 
1323 1630 1203 
840 1038 
1484 1053 1290 2634 
1296 859 517 418 1170 1683 
1702 1550 
570 576 1520 
1240 325 
1183 
1119 816 1630 881 779 542 1411 1195 
129 538 1153 537 2624 
163 1016 793 1153 
163 1544 789 
163 430 378 1333 900 
1429 1434 
1215 539 
539 1453 883 
1520 1058 1247 
580 1497 1126 817 818 819 1552 
565 1649 738 
523 583 1635 
1699 818 819 1209 580 1707 824 825 824 825 
1719 1035 1571 1299 
1349 
163 145 1035 1571 1299 1424 714 1670 833 1516 1530 
163 1153 
1484 74 1608 1618 
910 2703 1797 
809 1321 1129 
1335 1422 848 1607 1607 
163 1333 145 2673 
163 1117 1333 
1234 1290 
1236 1236 
1649 1687 1688 1693 
809 1615 
1178 995 2598 1231 2470 
1178 995 854 956 1985 2086 1230 1232 1495 
1178 995 2598 1231 2211 
922 923 
977 1226 1187 1263 13 937 1275 790 1510 
1512 2508 
1227 1227 861 296 382 1669 
1484 826 1422 1521 1457 
378 1500 1025 1550 1290 1550 
1387 
912 1201 841 897 998 999 987 1086 742 1141 1241 950 84 1347 1147 1241 84 772 1527 
1240 912 998 1141 1240 950 84 1347 1147 2559 772 
939 939 
570 1524 1245 
344 1061 314 348 1596 
570 576 1520 1524 1243 
570 1520 
1211 
66 835 688 
1734 1054 1408 793 1728 1473 1474 
399 399 1251 
399 1250 399 
1634 907 918 820 829 830 1485 1115 1477 1485 
163 910 965 1131 1311 811 
930 1464 1062 930 
99 894 95 358 
881 1644 1019 2675 
163 1872 1719 2175 2087 2259 1153 380 
570 576 1520 
1944 2213 1081 1082 893 92 2312 521 136 
344 1269 1312 2090 654 1104 
1114 247 2089 1117 
1104 
2585 1234 
1738 1134 
611 921 1725 1725 
1576 836 1301 1663 
1512 344 1335 1500 
2419 788 1898 2140 2323 1186 976 1414 788 1757 1842 
569 1312 2618 876 1260 453 1312 418 
430 2342 1335 627 208 236 
997 236 
1281 1282 1346 1451 1604 
569 686 826 319 1422 
163 427 343 1303 1305 
344 426 378 1234 585 2617 2290 2291 
1503 1504 1506 1525 
163 1533 2470 2152 1476 2277 
1534 583 289 486 
1065 
955 
1604 948 1471 1272 1282 1451 1282 1346 
1281 1494 1022 948 1471 1272 1446 1281 
427 823 1318 1547 1284 230 391 142 
427 430 1283 1055 1169 230 
770 405 1298 1176 1382 968 
163 1136 
810 945 976 1414 1437 1397 787 499 905 
1502 1128 1091 1414 787 499 107 108 1593 1461 
157 1452 
378 2080 2329 1712 1226 1238 1918 218 2169 1644 1191 1197 893 1025 423 429 1019 
1548 
960 1085 1049 1071 
1592 1600 672 1606 2284 
915 
886 
456 109 1198 
1174 
1592 1285 407 407 409 
1216 1218 714 1392 
1320 1342 
1595 960 2346 1266 
983 
163 343 1274 2347 2202 
1354 
163 1016 1274 1740 1575 1065 1098 728 1106 
1050 607 1499 1310 
1657 1057 
1503 1504 1506 1504 1507 
1186 1132 924 
1306 1499 
910 764 1140 1253 
638 344 1269 1428 1622 1269 1260 418 
1623 1655 1005 1382 
1529 
611 1079 668 2595 2452 
565 295 882 
1354 
427 1283 227 142 
1391 
359 808 1300 
1041 1190 297 1222 814 1080 
1622 1020 2539 1027 323 
1195 1062 1145 1149 1150 
1543 2076 1747 260 
2309 219 2170 1175 
2144 2161 2434 1602 971 419 1747 248 776 105 
638 1569 1165 
1423 1584 1101 1031 1513 927 1412 1155 1020 1109 1111 1568 947 783 785 1173 1107 1644 
2127 1049 1071 1986 1020 
793 1167 
1167 
1167 
163 1136 793 1514 1369 1225 1207 1224 1708 1467 1467 578 
163 793 1696 1130 
1512 1024 1478 944 1607 1512 1223 885 1270 1032 1337 1339 1267 
1478 1027 
944 1020 1335 2343 2300 
1654 784 917 1015 855 
434 2677 1335 1111 1570 2443 1678 
427 157 1075 
1044 812 
359 808 1300 2454 
1364 1456 1363 672 1003 1004 
1138 1121 1047 1345 1046 1047 
1344 1046 1047 1640 
1272 1281 1451 
1240 1241 84 1147 
1535 1537 1047 612 
1217 
1151 
900 1498 
611 1672 2674 
2302 294 934 2317 
479 1695 313 1420 1089 1304 1465 1039 1040 1317 806 992 994 1001 911 1123 1188 1176 75 1426 1674 1680 1047 
1148 1047 1640 1648 
667 1430 
1461 1511 
591 453 1567 1661 1661 
1057 
1095 
1463 
163 1178 2175 1184 
640 2168 1343 1364 2475 2653 786 672 2653 
1343 1363 1705 1469 1003 1004 
809 812 814 1044 812 
2513 2413 2414 2239 2562 1373 2373 2374 
817 
991 454 
1333 
2692 136 1102 
1114 
904 896 352 
565 1718 1366 
869 1548 
560 157 1452 
565 738 306 1546 1727 
313 1642 288 
1440 239 21 559 882 82 1540 970 565 575 2485 173 
163 1611 
163 793 1611 1717 1113 
570 576 1524 
1285 1313 
152 1398 1384 
1383 
1706 1653 
2360 672 1715 
1239 
848 1586 1025 1027 
1079 821 2707 1050 
1491 
1319 
1299 
1502 1128 1097 976 1414 1437 1397 905 
967 
1541 
970 
1287 1393 905 
1383 
427 1463 
848 967 
562 565 2605 1554 951 
847 
1112 
163 219 755 1143 
427 1463 
1463 
1626 1812 862 783 1155 
1931 1249 1921 
2220 129 2600 2703 789 958 2220 1797 
163 1153 
1203 881 2203 
1328 1431 1111 
136 1102 
1287 1288 1393 788 1268 945 
1504 1506 1525 
922 923 
1421 
2499 726 989 
1550 525 1550 
1354 1138 1047 
1417 821 
826 828 550 1657 1273 1223 1237 
1328 2583 
1218 1799 1530 
525 684 1550 684 
1354 
525 1550 
1622 2079 2617 2424 2229 1312 2539 2493 1601 2329 
1208 1601 675 
569 1484 1356 
698 1181 1412 861 
910 1573 964 965 
1095 798 1026 
1208 
1028 1042 1043 
895 
1287 1593 1393 787 891 
294 565 807 
803 53 803 
1378 565 82 
1638 1717 941 
344 414 675 1135 1444 1445 
1540 
1442 1135 
344 414 675 1442 
1282 948 
566 1581 1515 
1621 
453 1025 
731 808 1710 
1281 1346 1604 1272 
157 1375 1289 560 
539 1152 1210 
524 1169 
793 1153 1069 1685 1694 
1343 1469 1095 308 
163 569 826 828 1462 1237 
1714 838 
2078 2221 1687 2404 775 1540 633 749 57 45 1137 210 671 167 473 566 804 
638 672 924 
954 1357 1593 304 1288 
1657 1457 
1512 1053 931 1399 1405 1406 1361 999 
1254 1470 1021 200 1100 
1354 
1016 728 943 1650 
163 793 1333 1333 
638 847 848 
1364 1705 1456 1003 1004 1661 
411 1037 1464 
1281 1282 447 1501 693 1633 
878 
380 1474 1249 
1728 380 1473 1249 
1642 801 1642 
1178 1277 
1252 
2338 1335 1336 
136 2543 1102 2017 
924 1532 
910 1573 964 965 966 
1484 
1498 1123 1125 857 2052 2060 
1521 1057 1692 1220 1092 931 822 1522 1430 1482 1197 1500 1237 
1252 1159 1252 
426 1569 1008 
1528 1532 
611 427 206 1668 1490 980 
177 837 
206 1488 531 
1390 851 1605 903 
1050 1724 
611 1732 774 867 
1282 
995 1231 
1125 
901 1163 580 1212 1126 
163 1534 582 2398 1163 2158 1049 1071 1351 2450 1483 289 
611 1050 1306 1310 
1484 2180 1238 1267 
447 1471 693 
1288 772 577 1393 
1108 1276 1504 1507 1525 1308 
1503 1108 1276 1415 1507 1525 1308 1506 1308 
251 2560 932 251 865 
1108 1276 1415 1504 1507 1525 1308 
1503 1504 1506 1108 1308 
1724 668 
592 1144 589 
2057 1234 790 790 
1357 
1235 1671 949 1087 999 1463 1335 1267 1608 1335 1112 
1328 634 1812 862 785 
429 1333 
163 936 1447 1711 1581 988 961 
1136 1218 833 
1612 
1536 
963 1177 
1258 1526 1200 920 1246 354 1524 1709 570 834 839 872 873 59 874 1245 1211 1072 
1484 70 1185 1237 
569 1484 
813 815 1136 343 880 1060 880 
570 576 1520 1381 1526 1243 1245 
1503 1504 1506 1276 1415 
576 1520 1524 839 
2420 1543 2524 2525 2221 1086 2166 827 2561 1240 909 971 2076 419 1747 2088 260 211 1894 
426 1487 151 
565 1314 882 
163 2089 145 1218 1424 
66 887 983 1154 
558 577 1480 1487 925 327 782 
846 900 1730 781 1277 970 
1597 1163 1556 1498 1278 1122 289 1148 
1348 629 289 1537 
163 207 1728 1518 2504 
1556 1348 629 289 1535 
1724 
638 924 2091 378 136 449 
1459 1378 565 1118 1045 842 1443 
1395 
801 
1527 1324 
163 566 1206 
1909 1582 1086 
565 63 1376 
427 1283 227 142 
76 1291 1374 
339 1602 
84 1238 157 1624 1158 1238 1199 1425 1419 1555 684 1419 1427 
272 914 
1212 1553 1554 
82 901 1552 1554 
901 1401 951 1552 1553 
558 1550 1158 
1534 1537 
1649 1687 691 650 
163 1136 2564 
71 1697 740 2658 1703 929 1791 1664 1683 
2198 535 791 1161 456 
967 
627 1637 355 631 
803 357 53 
611 1672 745 899 687 
899 1088 
453 1124 1567 1567 
1124 1566 1566 1358 
1328 430 1053 
1073 1609 1721 1726 1008 1010 1011 877 1486 430 1587 208 1327 1679 1684 1182 
1339 1109 1111 634 1164 1678 
163 343 1216 1218 2202 
163 1139 1598 
163 910 1673 1432 636 2174 764 1481 
1017 484 
163 1136 1305 
426 1595 1266 375 
427 343 1580 658 
1061 1622 1010 877 1651 1182 
1103 
689 1625 1577 
1447 1711 657 764 1515 
1908 1909 2677 1545 632 2017 1086 
900 2563 2396 
1328 1626 2037 2151 1164 
565 738 804 
1388 
1569 
1114 1117 2334 
910 
163 910 965 
871 1050 1701 33 36 954 
1734 1293 405 1298 1176 1161 
978 1437 1116 1288 1116 1461 
163 1136 
1862 1863 1657 1824 1576 836 1301 1776 2346 1964 2675 151 
314 348 1244 
1534 486 1138 1148 
1139 1572 780 
1697 671 
1293 946 411 
1644 2423 1155 224 1428 1429 
339 1326 1549 971 
1114 2089 1117 
1281 1451 1272 
1491 
826 2381 1293 28 409 
1335 1053 848 1223 1223 
1512 949 1220 987 2225 431 
1569 
1028 1037 
163 1153 100 1379 1380 
1517 
99 1614 1162 1614 1619 784 
1613 1613 1619 
809 1229 1639 
523 565 882 
430 236 1107 
1220 1112 2343 
99 1613 1614 1722 1723 
1177 1180 
300 1448 1194 594 824 752 
344 1322 1428 1312 1578 
1313 
1550 
1580 
1584 1407 1698 1735 1164 
344 479 1177 
1063 1175 
796 
1195 1203 1150 
934 2598 2604 2330 2330 2407 
471 68 1687 
1471 
74 1252 
1214 1706 
2074 1073 928 983 1684 245 
430 157 1562 
1441 
809 1615 
1345 540 1121 1355 603 2706 
71 558 1086 
986 1377 1475 313 1475 
566 773 1189 868 1649 649 
378 986 1862 1863 2484 701 2364 822 1732 2409 1256 2614 2616 1328 2423 1964 1601 318 322 462 1290 2423 
477 797 204 
943 145 
2586 2615 2074 1684 1908 
1355 
1228 1213 1687 868 691 1643 148 1557 
163 1466 
1061 1010 1578 877 
1659 
1385 
852 855 1338 
1313 
2357 1822 527 1710 731 
1462 1422 1595 1307 
884 
1652 1093 1094 
1083 952 
453 109 791 1358 1469 1358 
1036 
1756 2504 1266 
1697 740 1559 804 
539 883 
719 1133 
1697 740 
611 2378 1910 1488 2535 
1236 
1016 1218 
1512 344 
294 899 807 1352 1564 903 696 
910 1573 964 965 966 
1354 1123 1680 
163 1153 
523 74 565 207 1146 
1120 
378 861 1339 1570 
627 1569 1726 
1354 1674 1123 
1682 1682 
1681 1681 
1198 1697 740 1559 
1636 1647 1569 314 1182 1726 
163 1069 1069 1455 422 
2426 2282 837 
1459 523 1649 898 1228 870 773 1189 1632 54 1137 148 1557 
1228 1178 
163 219 538 1738 38 
995 1178 995 1736 
163 793 422 
1484 70 228 
1228 
793 1455 
1354 
163 1114 1769 1334 1943 1872 1971 2330 2250 2175 1771 
929 1599 16 1703 1559 1664 1667 1683 804 
66 430 686 1626 2597 
1215 2656 799 
745 687 1157 
1591 33 832 33 832 36 
1199 1161 
1697 740 1559 
745 687 1157 
2356 459 1364 1469 
799 1385 1635 
1215 824 825 
1333 
570 1520 839 59 
576 1656 1450 576 
1581 1515 
569 453 1290 1025 
41 889 1870 1978 1982 1991 1992 138 41 2153 1716 2002 892 468 2510 416 115 1716 2002 
1458 
163 793 1734 1386 
2153 1713 1982 1991 138 41 1713 892 
163 1441 1380 941 
157 1079 810 2582 2413 2414 201 28 1867 2138 1373 
2175 1257 2261 1911 2363 1216 
849 
1569 
99 1619 1723 
1619 1722 
1079 1538 1508 1492 
1265 921 1265 
1569 314 1182 1679 1684 
565 738 1376 
163 1110 129 168 1536 1474 1249 1775 
163 1016 1110 
1533 1034 
888 
611 853 2225 1493 1644 2423 
41 904 
163 1592 1249 793 1715 
1626 983 1002 
1178 1690 1737 
415 1178 1736 380 
219 538 1264 1689 
641 848 
1136 1305 
565 492 601 738 1841 
2456 
2192 
2041 
2175 2641 
1948 
2559 1527 1326 1324 419 2160 2434 
456 2182 
2164 
2106 
2691 
2706 
2268 
1867 1869 
611 2432 
168 745 2603 2613 1663 
2341 1268 2221 1842 
2412 
2697 2698 2288 
427 1879 
2208 
571 2495 571 2694 
611 407 745 639 2611 
1938 1770 
1938 1770 
427 477 1810 
2257 500 
2257 
1696 2330 
1938 1764 1765 
1775 1696 1872 
2307 2351 
2545 
1891 1968 990 2619 990 
163 1771 2116 2082 1793 1795 1728 
136 2543 1595 
2064 1802 
731 2024 
2007 
2007 
2663 1819 
565 566 295 134 2328 
48 2348 
163 1184 380 2688 2705 55 2199 844 
2564 
2207 
2499 359 2676 
2178 2181 1795 
2469 
523 565 415 22 2334 
682 1859 1559 
163 582 430 2067 
2178 2181 2178 1775 1795 2082 
2545 2178 1795 
2178 2181 1793 1794 2545 2178 1775 1788 2082 
2001 1030 1917 833 
1409 2200 1221 
2120 
163 727 2205 1424 
1994 1995 1907 1901 2016 1995 342 
576 1067 1814 1821 
2064 1777 
84 99 1913 
2289 1805 
2289 1804 
2570 2279 
163 2490 
638 2210 
2585 2071 
1766 
427 204 2410 
2364 862 1513 1407 1155 783 785 
2393 503 1818 
570 576 1067 1801 834 834 
489 2670 2671 238 253 253 
559 566 2485 558 1934 
2464 
2073 1813 2029 
2580 224 1781 
2383 2569 
1801 834 
1656 2662 
2487 2580 
102 1595 2675 2006 
68 121 978 1966 979 
689 2630 
574 1962 2083 2224 2110 299 
567 2014 2018 2018 
2421 
2585 2466 
163 1832 1836 
415 2334 55 1831 1836 1836 
2367 
1905 
2182 2011 
415 2334 1831 1832 1832 
382 2132 
485 2380 1908 719 2514 2380 
2688 2705 290 
2688 2705 
1741 564 
2341 1268 1757 
2626 
1979 1845 
1844 1979 979 68 
2537 1927 1847 1927 
1846 1927 
2483 
2163 
163 2554 
503 1896 
99 2592 
2320 1861 
75 2122 1976 2048 2645 2299 2482 1855 1855 1864 2299 
75 1854 2122 2482 1854 1864 2299 2075 
2421 
160 125 2681 2540 2020 
2528 2481 
554 471 565 548 1791 621 
548 906 683 2658 2428 2430 
1853 
1644 1595 2675 1863 1964 1964 
1644 1595 1862 1964 
2276 2122 1854 1855 
2107 
2272 
1754 1718 
2421 
1754 2409 
1713 2362 
2499 359 
163 1257 1696 1771 
1998 
1920 
407 1891 2439 2553 
2634 
251 414 2215 578 717 
2624 2571 
2355 1760 763 
2302 
344 2449 2450 
1989 
2177 
745 1886 1902 1885 
745 1884 1886 1902 
745 1884 1885 745 1902 
2258 1902 
2427 109 507 
562 2586 730 2648 
163 1060 2039 2039 
411 1149 1875 1774 200 206 58 
2131 
102 1895 1908 
2144 2524 827 1527 909 
638 102 1893 
496 2393 1851 
640 1003 732 25 2146 2182 
1268 2108 278 2140 
327 2292 
2492 
2301 1800 
1884 1885 1886 1887 
2612 
2556 643 
163 55 1834 
2421 
1995 2301 1800 
2514 442 1647 1893 1838 2561 1582 
2677 1545 632 1582 
2159 705 1668 2416 2506 2242 2375 2488 2366 2575 2081 2661 
1719 290 1098 2087 2206 860 
304 1932 
1803 416 
427 2176 
2497 1981 
2400 
2334 1796 
1290 2329 
638 2426 1007 2431 
1874 
523 1931 2402 2402 1408 
570 576 2026 
71 2227 1928 2114 
345 2327 2040 2327 
2133 2206 2392 
748 1941 
2537 1846 1847 1846 
2570 74 667 1923 2114 2124 
2349 
2512 
523 2277 2402 1408 1921 2624 
576 745 2024 18 1912 
2660 748 748 36 
76 558 423 1816 2463 
611 2499 2340 611 
1943 
107 389 2293 623 1064 1064 
1764 1765 1770 
2307 2307 
2220 2175 860 2250 
748 1926 
2573 
163 1696 1936 
1259 2091 
342 729 1993 
1030 2516 
2557 
1746 
1960 
2220 2226 
2303 
2393 503 2396 2029 
2107 
98 2183 978 2222 2150 321 
2149 2190 2194 
2527 2649 735 
565 2536 
2220 2226 
120 177 2259 
1949 
2527 2100 
2509 574 1827 
378 2195 286 
102 1644 1595 2675 1862 1862 1863 
2089 712 757 
1825 
2346 695 
527 1774 2619 
2309 2363 2051 2200 
2486 
163 1696 995 2211 
2620 
247 129 2451 
667 36 2227 
427 565 2655 2689 2408 2655 
1854 
2153 2510 2219 2318 
1713 2510 
1844 1845 68 
2457 758 2202 262 
1915 2491 
41 2153 1713 1716 
2078 
2206 2379 
995 1231 2065 
569 2338 1329 70 2462 
2607 
2401 
1882 
121 233 2093 201 
1713 1716 2510 
2153 1713 
342 729 276 1945 2546 276 
2097 2241 1995 1800 
1994 2097 1907 1800 1800 
1997 
1996 
1873 
427 2515 2003 2003 
467 2115 
1796 833 
2153 1713 1713 2510 
1999 2515 1999 
2360 672 2040 
2345 
1824 
68 1779 1780 
2153 2219 2022 2022 
2534 
2447 
2633 1835 2182 
378 102 2135 
74 2382 
562 2018 1828 
2092 2327 2034 2327 
1800 467 342 
2677 1479 1582 
562 2014 1828 1828 
157 2147 
1857 
157 2428 2218 87 
2153 2219 2008 2008 
2135 
737 427 1932 1778 
2693 2377 2153 
570 576 1922 2552 
465 565 2409 636 
1003 308 2653 
2393 503 1818 1952 
2128 2130 2131 2077 2659 743 744 2316 
2171 
344 2171 
430 2622 
453 558 577 2015 2327 
1084 858 2303 
2696 
1584 288 2151 
2692 985 
163 1060 1890 2254 1890 
2360 1006 2004 2360 672 1924 574 
1744 
378 2428 
2270 
427 1149 2683 80 
638 2550 
2107 268 616 
2111 
1854 
2218 2410 2306 
611 2378 
1969 
2062 1483 
2685 2054 109 488 2685 2690 
2685 591 2053 640 109 
2352 
271 2095 
2465 2695 790 1510 2215 
755 2232 757 
453 2651 
2062 1483 857 
96 215 2062 
2052 2060 2061 2066 
2494 
1777 1802 
1985 2086 
2062 2674 159 985 
1792 
355 2228 
2434 260 
2602 2640 
1809 
667 36 2227 
1818 
2607 1636 2615 1647 
1855 
2559 772 1527 211 1324 
163 2030 743 744 
1459 2474 295 2406 1983 
1428 2609 
1290 2609 2329 
2159 2366 1910 
2545 2178 1775 1793 1795 
2511 1827 299 
2615 
1093 1094 2228 
1231 2065 
2175 1257 2261 1911 
1527 2524 2525 2167 248 776 
357 1965 1261 1603 714 1530 1117 
1260 2530 
1944 2617 585 303 1539 2438 
453 2015 
283 1990 
2164 
157 2230 2056 
2142 
1994 1995 
453 2156 2099 
569 456 453 2098 
2527 1961 
2470 
144 189 2664 
415 2334 
2302 403 
2621 
2649 735 1750 
2574 2571 1953 1865 2046 613 2496 
1898 2140 1172 
2185 
1827 299 
2302 2047 
2572 365 
2586 2623 
1928 1923 2124 
2000 276 
163 1775 2125 
2639 
565 2442 
2154 
1798 
2212 
66 75 1854 1855 1864 
649 2482 
74 1928 2114 
2116 
426 2426 2339 2213 2591 
2338 1329 
2479 2030 
2454 
2030 
1892 2319 2030 
382 1837 
1925 2199 2206 
2644 
2012 2023 2333 134 2583 
2148 2148 
2508 430 431 
1718 2285 
2220 2226 995 
1268 2108 1898 2292 623 
2511 2418 2418 
2096 
2181 
1894 1326 
2408 
638 1003 1004 2182 1897 
2498 2499 2019 
2136 2136 
1955 2188 2190 2194 
2183 1192 1954 2179 2305 2222 
2342 1109 2037 1584 
2429 1277 
2699 889 1977 1982 1992 2025 1716 2002 2219 2318 115 2008 2022 1713 
2119 
591 2467 
453 2098 
66 288 2565 
1498 2449 
2081 1910 2661 
2434 1747 
1326 2167 
2586 745 2599 
1849 
2094 2521 1749 5 515 
745 129 538 2363 538 2193 1143 
772 1527 2524 2167 971 776 260 
772 2166 2161 2088 
2350 1363 
1290 2420 
1325 2237 
638 344 2032 2031 
2692 136 159 
163 636 846 2204 2204 
636 1573 2687 764 
163 2361 1745 1009 1719 1940 2249 2250 1362 2087 2206 120 2259 1257 1696 
1914 2535 
163 1883 
2082 2545 2582 1788 1793 1795 2181 1793 1794 1795 
2183 2150 321 
2577 1500 
2143 2178 1788 1793 1795 
591 1003 2146 2633 1835 1748 1897 2011 
2150 1954 2179 2305 
2398 
2109 
2321 2321 
2314 531 2321 
2149 2189 2190 2194 
2188 2190 2365 2190 2194 
2189 1955 2188 2189 2149 2365 2194 
2275 362 
1743 177 
129 538 2165 
1955 2188 2189 2190 2149 
378 1963 286 
163 380 938 2267 
430 2342 
2537 1560 2695 
1184 1784 2133 
163 1969 2703 1797 
2233 
163 1980 1571 1303 2638 
881 2397 2405 1411 2397 
163 636 846 2173 2173 
1799 
2175 2261 1911 2133 1925 1984 2379 
79 1786 
2234 2235 126 2313 1761 
2689 
1808 
854 1971 1232 
2121 
1259 2253 2290 2126 2539 
420 2223 420 
1877 2650 344 2057 675 551 
2361 2688 2705 
2282 1007 
2049 2021 2337 
2153 1977 2008 2022 
2478 2139 2600 1958 1409 2563 2226 1940 2252 290 1950 129 1409 
1459 566 1527 1757 2404 
1954 2150 
519 2214 190 510 
1827 
1608 1732 256 2423 
2220 2478 2139 1958 1950 
667 2072 1974 2390 1923 
127 1093 1094 2068 2085 
344 1428 2663 
608 611 157 2095 
136 2635 
163 411 2058 
636 2201 703 
2208 
2208 
2542 2435 2262 2262 
2274 2170 
2271 
1366 587 2507 2513 2413 2414 
2466 
1994 
1910 2458 2661 
831 2244 2245 
2243 
87 2243 2471 
2475 2356 
2701 2263 
163 145 2296 
2175 2271 
2175 1696 1940 2271 
163 145 2296 
2220 2271 2277 
2213 2591 
2347 2039 
427 2412 
2597 
247 2444 1767 22 1768 
427 1887 
163 2175 1257 2271 1959 2261 
611 2501 
1719 2087 2206 2259 
2236 2542 2435 2236 
2247 2701 
2519 
163 2347 
345 74 2421 
2196 
2445 2275 1753 2275 
2277 
667 2043 480 
2259 2238 2249 2250 2252 
1176 1866 
2360 
163 2237 
2268 2445 2522 2268 2191 1120 
1864 486 30 
1931 2624 2252 2269 1277 
2284 
1806 2579 
163 145 2286 
2429 1134 
2426 2217 1686 
2284 
74 1293 2278 2283 
2311 2138 
163 145 2280 
560 2315 
2697 1759 
1804 1805 
344 378 585 1275 2213 2291 
344 378 585 1275 2290 
1111 2140 1899 
1937 
66 649 2380 2529 1140 
163 427 881 2667 
163 145 2248 2251 
2304 
163 2518 
75 1854 1854 1855 
1337 479 2636 
2588 1907 1901 
403 1353 2111 1880 2104 
2035 858 1951 
2297 908 
2183 2150 321 
427 2594 2049 
1772 406 1939 1939 
2652 240 
403 681 1325 1969 538 
66 2583 318 2607 
161 2448 2285 
1259 521 1082 2587 
2208 
2187 
109 2287 
163 2030 2659 743 744 
2429 1353 2624 
2153 1977 491 
227 2131 2479 
2511 1853 
2186 2187 2370 2186 
2498 2499 2500 359 2498 
492 2419 788 1268 
1161 2326 
611 745 2538 
317 508 2324 
76 2015 1924 2015 1924 2034 
1782 
672 1290 2080 1918 2589 1428 
1696 2598 2604 1631 1769 1631 
571 2694 
1117 2334 
2583 318 102 2135 
1588 1917 2332 2103 54 1832 1836 209 1790 2353 602 
74 2378 
745 2579 
2218 2606 2610 
1024 1478 2677 2127 1986 2443 
344 675 2126 
611 1935 
2425 559 623 788 1757 1842 1172 
2593 2577 2197 381 497 2151 1270 
430 1337 2443 208 1618 
2707 
2511 2005 2418 
397 1967 1595 1301 
1303 2254 2265 
1783 2682 
1929 
2168 1004 
1772 
611 2055 
415 2334 
400 556 453 2360 2455 555 
217 763 1879 
1705 2246 1105 
2499 1656 
2503 
66 2520 
2004 400 556 1386 2273 2354 1006 2040 672 2040 574 
163 2175 2216 139 
1870 2510 
163 129 1969 1719 2165 
1644 1812 862 
2189 2190 2668 
2081 1910 2506 2575 2458 
2577 1833 
465 2642 85 
426 2607 256 
2321 
583 2489 1126 
2398 2489 1126 
916 2507 2413 2414 1366 2374 2374 
916 2373 2507 2513 1366 2373 
1910 2416 2661 
2499 2500 359 2422 
2025 468 491 
611 2050 2335 1668 611 
1984 2206 
485 2294 215 2514 1838 2561 288 1838 2561 
1606 687 2667 
2013 
427 1820 
2460 
611 2499 2676 
2387 
2386 
427 2575 
345 2421 
74 76 36 2227 
2427 2548 507 507 
1925 
496 1813 1952 1896 2029 663 
2427 
2665 2665 
163 503 1952 1583 2563 
2203 2405 2203 
1498 583 2372 2399 2184 
136 2626 2398 
122 124 1916 127 
1988 
1931 1921 1921 
649 2581 
1459 2221 
881 2397 2203 1119 
2078 
2704 1631 
523 2145 1975 
477 2027 174 638 2672 1644 2543 1869 
204 2049 1811 204 
2666 
427 2255 1758 
1366 1718 668 2239 2373 
1366 1718 668 2239 2373 
1112 2530 
1910 2506 2375 
157 2532 2532 
2511 2141 2141 2345 
2323 492 1268 
1527 2169 
1829 2389 1856 2266 2654 345 263 2590 74 1868 115 1906 
2499 2500 359 2376 
1644 853 550 862 1732 1644 1191 2225 2627 881 2657 1161 1601 
1428 2589 
2474 62 2341 788 423 
638 344 1686 2126 2282 2493 2431 1919 1007 
318 1888 2548 2591 2391 507 2394 
2042 116 225 760 44 2021 1860 
2281 2624 2317 2152 1143 2667 
682 294 1860 2647 
426 2426 2591 1919 
1755 
2437 
1326 2160 105 1747 2069 
2236 2262 
2649 
427 745 2433 
92 2091 
407 1875 
2543 
66 344 2585 
523 71 565 929 2118 
2338 2343 1339 
2257 500 
2268 2275 
247 129 2451 
378 2010 
427 2526 2311 519 
1881 2158 2450 
1498 2449 1881 
163 129 2446 1973 
2595 1315 
427 2666 
881 1058 2129 1342 
456 453 2354 
1029 41 48 1742 
690 1980 
2506 2242 2366 
553 2606 
2384 
2492 1076 1078 
1986 401 
558 1934 
1817 
638 2057 228 
2240 1830 831 
2155 2468 323 
2467 
1789 
2101 1230 1277 2643 2646 
2245 
565 2476 
434 1192 551 2551 
2425 2078 62 
2246 591 640 1363 574 
294 2472 
2678 
2220 2226 
2128 2319 
523 565 566 653 2485 
1858 
1854 1855 2123 2645 
1003 1004 1848 
986 1644 2614 2616 
565 566 2480 575 749 1816 1378 173 
1970 2586 
430 1823 52 136 
1910 
1126 643 2371 2372 
1807 
1981 
2461 577 1900 2547 
2426 1428 
2063 
58 571 571 1762 2694 
2107 2571 613 
1915 
2147 2567 2500 2322 2499 2500 359 2322 
203 2147 863 2376 1787 2505 1871 2357 2385 2422 2498 2500 2322 1418 359 1935 1068 359 
2498 2499 2376 2422 2498 2322 1068 
611 2260 
2605 717 
2358 
1663 2667 1536 
611 2499 359 
1910 2416 2575 2458 2661 2366 
2239 371 2373 2374 
1235 2577 2137 632 322 
1962 517 2618 
1713 2362 1977 1978 1991 2002 416 
2083 2320 2141 2418 2345 
1930 
74 1366 310 2239 2374 
485 2380 1908 2558 1838 
1999 2003 
1946 
2533 
163 2298 
2264 
66 2359 
163 2529 2164 145 
2275 
2684 
1527 1894 2166 2088 260 
1527 2088 
2448 
1956 2100 1961 735 
1858 
2294 2521 
2415 2090 
2566 
76 766 2417 518 2417 
2517 
2009 
2176 1668 
502 1957 2629 
1846 2198 451 1927 
2325 
1322 1428 2213 
611 157 160 1857 
638 686 2673 
2236 2262 
136 2440 2409 1479 1776 2674 159 
2568 
2082 2178 1773 1794 1795 
342 276 1993 
2492 
2427 2391 507 
519 193 2608 280 519 
2045 
523 2473 
576 2026 
1875 
163 1850 
2560 
1904 858 
163 430 686 1947 
2514 450 
841 51 1241 2076 1747 260 
251 2555 649 323 1505 865 
485 2380 1908 1527 719 2380 
1366 668 2595 
163 2220 219 1583 2396 
163 1159 1558 1785 
2157 
62 2531 
2498 359 
612 583 289 2544 717 
1820 
480 667 1928 1806 
613 2107 268 1878 2496 
365 2112 
1942 
427 2107 
1910 2506 2366 2388 
2678 1051 
2508 2342 2180 2367 1020 
99 99 2679 
2279 2336 
1819 1823 52 136 
649 2403 
409 411 2178 462 1718 
2310 1423 2333 1173 378 102 2135 
2632 
1809 2441 1830 1263 
2162 1647 1889 2486 2113 
2312 
2301 
344 2329 2424 
420 519 2421 388 388 
2427 2431 2253 2126 
99 1852 
430 2342 634 
2306 411 
1315 2452 2562 
2669 2680 2686 
2256 1698 
854 956 1631 2330 1230 1232 
2162 
163 523 2220 1409 
2631 
2070 
1756 
163 168 1631 2330 
986 1401 2502 951 
527 2459 2662 2611 2337 
2074 2310 2369 1987 
519 2549 
344 2079 2080 
2337 
1763 2606 
724 1903 2625 26 
1756 
1644 986 2484 2616 
2074 1647 2084 
986 1644 2614 986 2484 
344 228 1428 1275 2091 
1269 453 2509 
1968 328 1774 
1972 
2105 
2033 
2113 
2429 2702 1931 1878 2277 1204 2317 
2612 
2399 2656 1843 
2423 
565 738 2629 
565 2536 738 2628 
1826 
2601 
2584 
2182 2011 
1876 1197 
136 2231 
479 2300 
2652 
163 2202 
2117 
2070 
380 1745 
523 2368 565 
2470 2646 2646 
2134 
1854 2482 
2470 2643 2643 
2658 2430 
1889 
1956 249 2436 2106 735 
204 2215 
1062 2059 
2637 2308 240 
456 1363 672 2028 1363 
74 2421 
1975 1975 
2626 1699 799 
2423 1161 
427 477 566 1860 1559 691 843 2647 
163 2030 743 2316 
558 577 1933 
2159 1910 2506 2242 2375 
1822 2606 527 
1781 2229 
415 712 189 2102 
2395 2395 
451 2453 2411 
163 2295 2381 2504 2429 
2365 
2596 
489 1815 253 
1815 
465 565 2409 636 
163 638 995 2541 1224 
2543 2066 1352 159 
1595 1862 1824 1256 1964 
611 1787 2385 
2338 1339 1909 1582 2017 
2477 2576 
99 99 2578 
157 2596 101 
160 78 1857 
48 2348 
427 2044 687 668 
2523 
2053 2054 2053 
2596 101 916 
636 2174 764 
2216 1784 1839 1840 
1975 2209 
591 2053 
1751 
1370 2038 2172 
2025 
571 2495 1762 2331 
2057 2198 2696 
672 98 2695 2036 
2700 2288 2698 1759 
2697 2700 1759 
2153 
2697 2698 
2247 2263 
881 2624 
1409 2200 1221 
2407 209 
2216 1784 1839 1840 
1752 1138 1046 1640 
2344 1389 774 
