-45008
-33464
-34219
-9622
-40531
-38583
-44008
-41462
-45910
-12433
-40211
-28591
-43060
-30831
-26253
-15178
-29624
-40323
-12764
-14337
-10396
-36635
-31152
-15604
-40957
-35343
-39465
-45810
-19912
-11797
-29301
-34863
-41245
-30210
-3649
-26479
-18452
-32766
-44031
-34063
-44821
-41559
-20391
-42100
-36492
-20085
-28684
-24886
-17797
-36505
-41709
-32876
-24789
-24236
-20228
-30278
-43873
-28152
-28848
-31107
-35540
-13968
-12450
-17478
-44651
-41562
-41804
-6469
-30286
-3422
-16767
-13413
-31330
-21056
-30683
-39008
-15889
-43048
-45655
-35649
-24175
-26966
-18605
-16756
-26923
-38844
-30645
-35093
-31014
-41827
-30617
-38385
-36717
-22368
-44697
-39827
-38656
-45407
-41471
-33055
-42357
-9876
-22868
-26308
-36767
-44434
-35214
-36297
-28857
-33003
-44478
-35826
-44409
-29979
-24591
-19307
-43965
-38924
-14550
-26281
-10494
-33442
-17453
-15251
-38888
-18574
-34281
-26641
-22037
-41813
-29166
-40440
-36281
-22084
-31635
-24172
-23435
-15574
-37787
-15049
-13878
-17906
-18239
-26757
-36525
-43940
-24157
-29694
-38544
-38035
-30900
-35987
-34144
-24400
-46096
-24831
-18876
-11258
-19543
-18572
-35763
-34697
-24254
-39264
-34192
-45824
-32025
-40723
-13284
-18833
-12722
-30594
-42157
-44435
-20861
-29720
-43032
-45828
-23801
-23322
-40412
-35635
-41943
-35010
-30075
-42791
-31178
-25381
-29838
-26545
-27333
-18413
-39244
-36804
-44157
-45534
-38996
-41724
-24330
-43999
-45849
-45424
-26602
-10234
-38558
-36435
-19075
-37636
-25819
-34551
-27499
-26929
-24238
-42084
-35946
-38997
-23631
-28408
-18163
-43212
-25055
-44930
-36843
-38772
-36416
-31741
-8831
-26602
-39416
-32715
-30515
-43110
-45150
-21176
-19487
-29446
-42139
-43826
-27588
-42098
-14046
-34126
-44297
-38157
-29302
-40141
-30851
-37971
-41089
-32657
-38061
-40201
-27625
-28154
-19185
-23805
-36844
-17822
-33335
-38668
-5672
-45449
-41914
-32314
-46256
-15462
-17131
-34551
-17379
-40050
-43268
-19164
-32758
-34079
-40629
-45733
-37516
-10416
-44159
-18315
-28292
-43136
-27899
-30088
-21303
-28462
-45909
-6994
-11087
-45811
-35353
-11440
-34680
-33401
-18987
-6009
-27165
-35590
-43891
-16799
-34002
-40152
-44739
-18346
-42584
-31081
-29982
-43718
-26065
-32308
-38086
-44594
-27217
-21729
-22724
-37806
-44902
-33629
-33526
-31949
-39929
-38960
-40947
-39601
-36429
-29026
-42094
-17755
-5132
-37419
-15647
-19867
-11204
-12226
-45511
-32200
-21578
-43976
-39910
-9078
-44368
-40056
-23481
-39077
-44274
-23163
-42046
-39103
-39380
-20945
-23859
-42025
-45209
-25465
-22901
-43075
-45502
-43652
-46207
-38454
-40985
-30500
-29898
-39881
-19314
-44621
-37338
-30585
-41563
-32624
-37267
-19916
-26789
-42831
-45912
-19646
-38718
-39427
-13272
-21428
-12355
-35089
-43960
-29495
-39702
-44840
-38616
-18566
-43853
-46091
-36360
-39549
-19687
-43269
-24441
-37407
-37061
-34418
-41811
-32546
-22762
-42315
-38650
-45866
-46164
-42931
-26133
-44954
-37094
-45175
-36935
-34699
-11003
-31703
-42444
-35492
-28277
-45942
-23320
-36612
-26607
-14386
-26639
-37559
-40267
-25411
-30512
-32997
-43282
-45717
-30766
-19288
-35060
-42821
-8925
-43125
-40163
-7155
-42182
-39205
-21356
-18546
-29484
-27187
-42711
-29630
-18071
-25841
-18993
-43366
-38784
-30196
-13765
-35274
-16433
-21589
-21631
-29135
-43708
-39256
-44214
-42500
-10614
-43917
-27894
-35899
-36633
-28525
-18812
-25789
-3914
-17818
-1409
-25979
-40385
-33860
-16334
-29065
-38932
-6385
-16978
-24472
-20072
-16674
-16242
-27240
-37628
-13532
-44252
-41993
-37552
-30904
-22261
-36813
-41870
-40968
-25683
-42477
-15423
-38464
-43007
-36067
-15291
-26525
-37296
-33961
-42840
-19865
-35496
-6618
-29506
-37500
-16931
-31391
-23497
-43991
-27792
-35922
-24186
-12140
-38126
-42275
-12385
-32888
-23003
-28229
-45066
-44823
-21545
-41296
-24696
-44077
-27355
-40351
-21509
-38017
-29279
-33936
-46119
-33187
-4610
-41796
-38456
-32861
-41002
-44189
-13434
-25246
-23432
-7688
-38606
-15010
-38497
-20295
-43339
-24446
-41932
-14646
-38324
-42506
-41314
-35342
-28259
-40413
-25264
-26533
-21276
-40098
-45426
-39029
-24782
-33107
-25490
-43080
-14699
-27006
-26639
-33514
-14402
-39512
-30763
-39612
-11639
-24937
-13817
-41033
-24757
-37344
-27698
-45405
-29622
-30797
-42215
-39916
-10315
-37352
-16065
-44916
-21784
-42791
-34789
-36080
-27731
-16737
-24008
-24739
-42563
-25808
-36699
-41947
-31377
-32192
-29124
-44700
-12397
-14467
-27468
-40900
-2474
-19025
-38739
-42592
-40013
-21807
-37368
-19511
-46295
-7952
-41176
-41372
-42147
-25337
-19932
-41544
-24550
-35683
-37343
-41344
-18311
-41448
-39215
-26177
-32909
-26192
-43097
-33936
-38036
-38482
-11431
-42804
-29062
-14129
-39213
-31645
-33377
-21447
-43942
-41646
-30485
-31218
-42224
-20541
-25547
-44590
-35848
-42139
-43954
-43432
-40940
-43836
-34151
-26132
-45178
-30520
-15281
-30224
-23713
-22800
-45209
-33860
-13687
-40718
-36830
-44863
-35544
-45748
-36938
-38016
-37781
-30881
-28782
-36446
-4075
-37617
-38758
-17698
-41712
-29221
-38306
-31674
-15952
-34929
-40163
-28895
-33648
-11404
-33578
-33159
-17843
-28634
-22714
-34314
-31236
-11412
-4026
-43538
-40910
-45633
-30105
-11289
-35010
-21133
-41509
-40207
-31802
-37910
-40265
-42414
-9776
-32329
-33143
-44464
-42526
-44903
-20370
-38064
-46094
-39914
-8149
-40205
-25862
-27474
-3534
-33581
-13503
-25042
-37364
-36806
-30346
-19565
-45249
-42140
-16044
-35966
-28911
-38090
-43093
-33850
-25752
-44150
-43174
-20263
-34106
-36728
-23213
-44296
-13569
-35789
-42701
-37713
-33268
-18921
-36999
-33163
-36979
-30985
-45607
-45703
-29667
-6166
-34182
-11547
-28484
-28740
-20789
-29156
-41062
-15213
-26158
-45285
-24178
-39806
-42621
-35540
-12838
-34044
-40648
-36876
-38547
-31818
-18215
-34879
-27731
-31777
-33270
-41181
-8120
-16947
-18585
-19020
-45759
-15409
-27224
-7232
-37302
-39027
-24598
-20282
-43777
-30040
-30840
-39288
-5801
-42153
-23378
-32117
-44493
-28781
-19152
-17424
-45661
-39877
-44390
-6328
-25535
-28495
-29678
-32285
-44648
-35498
-41862
-14308
-31044
-29805
-41278
-24457
-15236
-34954
-37043
-23134
-41482
-35850
-19475
-29015
-18335
-22067
-22971
-21973
-24479
-39347
-24911
-41182
-34091
-38737
-19345
-45836
-27595
-23198
-29421
-7536
-39513
-32597
-43876
-28082
-44437
-37342
-24299
-15010
-1942
-39847
-33393
-19416
-19841
-28284
-29772
-14677
-42298
-31114
-33855
-37166
-14912
-21775
-44662
-28865
-33541
-7756
-36682
-27654
-41292
-33458
-26750
-28551
-10087
-22214
-44624
-15297
-32513
-39255
-28469
-24336
-41347
-13242
-44966
-44287
-39589
-9768
-11623
-36227
-35600
-45660
-41148
-40901
-38000
-40067
-7653
-18632
-43000
-39840
-40477
-33679
-19435
-29842
-19916
-35075
-35391
-41212
-16948
-31347
-45528
-18075
-25423
-22361
-35731
-31091
-39061
-43859
-32049
-41350
-38672
-20033
-44312
-40622
-27759
-3700
-43018
-25832
-35042
-17383
-9774
-5660
-42084
-37471
-29246
-16315
-42989
-34426
-11688
-22743
-24072
-28247
-44373
-34707
-37400
-37217
-7381
-38711
-33830
-15967
-45424
-45130
-43831
-40616
-29039
-35320
-17907
-27254
-36217
-21412
-7579
-36718
-26751
-18100
-37043
-45283
-45813
-32845
-31048
-44871
-21260
-39395
-35382
-20638
-23524
-40565
-42534
-18405
-41501
-39683
-45093
-11163
-40114
-27217
-41444
-4955
-24513
-38134
-35699
-37472
-35180
-12653
-36643
-39942
-37358
-36038
-42047
-41825
-25232
-4669
-15669
-23645
-27835
-7736
-40371
-12031
-46067
-26253
-13876
-34788
-12758
-29768
-34551
-30844
-35044
-30003
-4330
-37918
-36804
-42020
-42865
-38865
-26858
-42411
-35099
-29748
-22875
-40428
-44399
-30233
-40747
-45692
-29139
-12661
-21210
-38253
-45994
-45529
-21346
-28526
-5064
-17864
-39529
-27750
-27414
-39151
-6672
-18993
-32921
-25774
-22613
-6288
-41970
-31319
-45126
-30419
-41964
-33179
-17824
-41262
-43361
-13402
-33228
-35016
-34587
-9822
-37406
-34848
-36442
-25114
-8376
-41366
-39963
-20019
-44128
-43957
-17158
-30925
-36390
-30232
-45918
-25689
-37705
-20743
-22625
-21553
-30533
-42393
-21734
-46129
-31987
-10699
-39792
-19930
-15843
-33707
-38618
-36233
-30828
-37739
-13269
-31498
-10617
-41323
-45051
-43182
-27437
-13639
-37323
-34767
-27780
-39820
-26594
-22650
-32645
-42108
-25941
-29504
-28531
-34430
-31323
-22002
-22956
-33469
-19120
-39884
-5069
-43453
-22365
-36764
-29910
-7500
-21289
-45564
-37747
-30027
-44449
-37132
-17185
-14287
-40177
-25224
-42798
-41287
-40488
-13657
-29198
-28908
-14505
-33200
-44036
-20709
-12254
-10524
-37741
-17068
-16303
-44963
-35327
-21950
-22873
-20238
-35690
-45297
-15059
-38527
-41310
-8255
-35523
-22486
-31463
-30895
-40162
-33537
-45393
-34497
-28366
-20116
-32912
-38347
-34993
-37492
-33196
-10556
-35681
-30842
-25927
-27914
-15474
-33582
-40736
-43546
-41931
-45248
-18493
-45126
-22992
-29484
-39145
-45283
-22275
-44336
-33152
-43094
-41567
-32725
-39026
-15620
-27432
-43470
-14948
-35939
-42778
-35405
-33637
-31649
-44610
-41066
-25487
-38979
-36499
-37360
-14393
-21458
-43352
-38024
-28527
-24041
-39650
-25515
-39955
-35239
-26005
-25038
-36345
-24933
-45047
-43391
-45301
-38949
-27632
-36065
-13999
-8371
-13133
-5970
-41990
-32438
-22580
-35801
-27046
-31046
-34156
-37096
-33190
-37120
-31032
-40751
-9781
-15564
-14707
-22607
-38434
-14767
-31174
-33908
-34497
-43378
-45051
-13224
-9346
-43857
-18284
-18032
-16864
-17569
-29505
-44595
-40528
-15888
-40249
-19559
-31952
-36825
-42690
-31741
-38932
-42096
-42244
-41599
-21858
-43604
-30125
-39744
-12105
-37031
-35526
-42748
-17698
-43988
-45874
-42568
-28225
-14806
-17769
-39849
-42806
-15040
-32383
-26245
-25551
-26084
-36905
-28108
-38626
-34668
-43772
-20388
-30955
-39997
-46084
-36840
-13260
-28665
-33667
-22747
-37137
-36339
-23158
-33345
-7768
-39734
-34285
-42997
-45175
-7744
-30841
-42297
-44682
-25097
-40632
-24874
-41888
-24304
-39327
-46281
-34430
-11576
-31927
-46078
-27298
-20375
-22736
-32785
-24528
-26285
-37011
-44512
-40340
-26825
-30562
-33659
-25503
-45985
-38927
-44442
-46114
-29537
-9398
-5831
-21645
-23479
-32170
-38700
-37733
-45854
-34245
-36406
-45843
-29372
-33070
-32015
-34832
-11672
-41941
-35433
-37957
-19181
-38282
-40738
-40090
-31057
-6161
-44014
-30602
-22156
-33623
-2846
-31499
-37577
-25240
-31755
-15141
-43640
-9114
-18588
-18291
-34624
-24840
-43299
-44381
-41531
-36204
-29544
-37185
-39414
-45873
-37459
-32114
-18822
-42338
-44780
-22960
-13970
-24877
-29721
-22761
-31120
-33717
-33580
-11750
-35542
-33717
-17862
-37507
-41159
-8049
-41869
-37405
-42515
-38672
-12408
-12799
-34601
-31820
-16632
-37955
-6261
-22676
-25524
-20682
-26392
-42647
-26831
-45483
-35578
-16000
-30493
-34158
-35080
-40392
-28281
-25927
-26735
-37827
-9980
-43350
-43050
-29198
-29203
-39879
-26558
-40674
-16365
-44803
-38385
-32124
-45903
-3990
-32368
-22201
-34611
-35633
-25647
-41640
-41056
-20323
-32303
-45248
-6323
-10868
-7761
-41306
-45884
-45551
-32949
-19495
-29549
-36095
-40634
-25609
-21290
-21030
-21744
-43396
-36929
-44041
-8404
-23177
-40018
-37011
-14518
-36862
-17766
-7304
-14802
-36255
-28173
-29442
-40923
-9396
-33761
-12224
-3416
-6960
-32653
-34637
-28354
-12372
-22362
-12786
-38635
-27850
-46180
-18882
-20298
-10123
-4705
-35886
-10301
-30684
-32412
-21934
-6757
-26879
-25569
-37911
-19146
-25962
-41496
-43584
-42630
-36455
-27044
-25328
-45969
-37259
-37789
-41784
-38726
-35489
-15309
-16624
-34885
-12518
-35715
-11254
-33081
-44568
-45224
-28272
-41853
-35695
-46002
-41352
-38834
-10033
-35566
-26116
-36510
-4648
-37226
-44129
-11847
-28113
-33854
-18493
-24003
-40701
-39297
-44417
-26993
-33738
-43320
-11899
-1185
-19893
-22656
-41398
-43347
-5360
-42896
-32850
-17436
-24373
-32337
-31504
-23988
-43271
-35556
-40360
-45509
-45240
-3864
-42968
-40315
-45333
-43988
-22403
-16875
-8639
-19021
-42305
-32346
-45829
-26479
-14167
-6172
-10048
-35803
-44472
-33154
-15047
-27658
-40468
-33661
-45188
-34220
-23030
-20640
-30533
-19494
-21112
-34361
-45177
-18101
-45106
-38342
-27836
-30459
-18492
-45353
-30412
-43329
-31421
-38335
-34722
-25054
-40959
-42624
-33433
-29883
-28747
-34518
-11597
-34643
-38834
-2127
-42953
-29306
-42572
-33618
-32728
-35038
-13928
-20413
-36255
-32103
-6270
-32322
-22715
-44753
-24367
-41731
-31362
-18312
-43360
-44738
-21776
-35297
-36619
-33747
-27951
-44732
-44912
-30263
-33501
-31475
-39596
-28025
-42256
-28689
-37028
-1617
-37462
-43562
-19504
-21028
-23405
-13313
-38996
-10024
-10158
-36985
-40024
-45688
-24351
-35559
-42349
-46002
-35460
-27320
-17124
-29169
-31606
-22021
-36562
-35507
-31567
-38220
-18635
-23997
-16905
-23158
-43181
-35293
-40924
-40146
-11681
-35258
-43537
-15219
-25571
-39052
-31906
-45280
-6066
-33495
-26144
-40493
-41135
-33972
-17095
-44184
-42850
-30116
-44162
-28422
-30503
-43149
-26980
-41028
-31408
-37995
-7005
-37731
-28016
-26600
-45449
-11701
-12043
-19012
-26725
-20815
-17430
-14714
-41734
-40590
-29684
-20179
-17374
-36790
-13698
-45653
-20360
-42571
-8706
-25375
-38933
-44864
-45433
-39894
-37208
-42203
-28334
-32777
-42588
-37587
-37684
-39196
-45663
-30207
-29251
-32892
-17905
-25635
-41894
-21997
-30249
-26863
-43827
-20616
-31997
-25087
-6472
-45021
-44511
-40067
-31358
-26974
-29475
-42827
-37395
-39705
-42845
-31590
-25462
-33766
-35594
-31044
-37913
-19940
-26723
-39290
-30819
-28925
-25774
-32798
-33622
-8073
-9787
-39159
-38314
-34576
-27406
-34409
-38092
-24669
-24288
-14274
-40002
-41925
-24043
-39839
-40582
-44289
-24280
-16348
-31090
-39255
-29736
-31041
-43161
-45432
-32714
-43168
-19540
-21323
-38268
-44667
-36242
-34932
-35410
-36118
-24572
-32815
-33920
-35663
-36196
-45776
-12169
-14227
-28661
-39484
-27061
-9358
-38243
-21010
-43421
-32978
-21941
-39781
-36086
-27154
-25984
-45799
-36449
-44576
-33478
-14842
-38322
-7413
-23706
-46101
-13427
-28991
-29517
-23637
-12177
-39508
-28682
-29782
-33008
-34601
-45057
-26108
-24435
-41327
-30892
-4548
-36447
-44355
-18842
-24563
-38738
-41387
-35446
-38709
-39353
-35591
-44303
-36840
-31824
-11547
-42322
-42854
-37210
-40292
-43723
-20362
-41227
-44635
-21961
-12888
-24651
-34247
-31907
-14439
-30553
-46295
-40336
-29888
-42215
-45489
-28575
-43280
-30501
-27080
-34360
-36936
-24656
-36686
-45777
-11457
-41224
-44989
-40013
-18253
-36050
-3057
-40387
-10068
-43287
-40183
-38824
-36864
-7683
-39834
-22426
-30120
-11603
-39574
-22424
-30419
-27280
-22476
-29648
-41079
-32738
-33707
-41943
-39041
-38906
-31902
-42452
-23385
-43789
-36133
-8870
-43177
-29894
-5544
-27204
-31037
-20187
-20968
-46188
-39796
-45156
-39436
-41698
-44219
-45737
-35421
-14752
-13967
-38258
-22523
-7226
-37101
-14995
-42791
-27031
-22509
-38585
-37050
-9950
-28381
-42060
-24693
-28639
-28637
-28982
-31209
-44584
-43280
-41595
-29951
-10452
-41446
-41584
-37042
-45063
-7236
-18026
-38743
-34632
-19287
-18251
-25465
-37472
-29930
-36629
-42413
-39784
-36081
-18301
-32533
-21621
-28610
-16119
-19677
-38895
-38759
-32931
-32900
-18110
-18059
-22364
-31428
-38051
-19966
-6269
-35440
-19710
-46082
-38098
-44292
-31270
-15990
-43533
-34976
-45689
-13509
-43593
-33681
-35193
-36818
-34022
-45716
-33282
-29423
-27898
-41973
-32567
-44007
-22762
-45322
-36519
-37495
-42333
-13922
-34141
-45255
-39916
-14057
-24583
-18994
-36457
-18743
-23842
-26445
-46259
-45688
-33363
-13121
-25952
-38695
-22307
-25217
-26756
-35248
-30850
-34648
-37691
-45072
-3249
-36455
-15369
-43547
-28286
-43729
-41453
-20332
-43435
-24442
-9559
-34116
-41446
-42387
-39430
-35221
-31900
-37523
-33971
-30481
-14248
-21948
-19862
-25043
-16852
-6973
-39409
-19817
-25309
-32671
-31121
-45266
-42907
-21294
-41918
-33069
-41560
-32330
-31749
-38246
-45651
-33472
-30909
-42609
-8815
-4696
-40944
-25369
-36929
-30926
-46248
-32973
-29273
-43148
-46139
-19748
-39162
-16696
-34615
-34076
-32392
-13091
-18191
-41315
-30720
-10108
-23781
-13483
-39078
-42768
-33906
-43318
-25258
-37614
-33944
-33238
-43671
-29741
-16800
-34989
-18147
-6952
-46270
-34635
-9026
-42631
-27140
-27789
-32185
-42932
-36490
-6105
-15027
-43843
-18103
-37786
-21612
-31335
-15612
-41290
-31849
-21550
-15296
-32149
-15662
-15734
-40300
-21933
-30820
-32173
-41350
-31831
-46274
-23292
-36959
-39391
-43852
-21177
-36293
-20088
-43312
-28253
-41210
-32782
-23507
-30909
-44684
-31818
-31363
-28493
-38309
-41581
-43589
-43222
-34505
-45184
-20802
-45644
-15544
-29104
-27253
-42726
-19781
-31361
-39209
-41072
-27479
-44011
-39520
-31862
-39566
-41919
-35558
-41142
-25165
-12564
-44858
-23648
-38402
-22585
-29773
-43754
-30657
-43490
-43849
-41877
-40151
-33945
-12528
-17002
-43876
-31371
-33977
-31675
-35384
-7324
-42534
-39505
-45410
-20321
-23361
-4585
-32545
-26575
-40555
-24979
-5288
-27122
-38807
-23893
-35339
-46273
-40565
-15291
-46169
-21167
-35281
-25042
-45082
-26896
-7929
-20906
-44378
-7060
-45547
-36513
-45515
-34238
-39613
-33513
-21702
-32251
-30020
-31926
-24279
-46297
-36879
-35937
-32327
-33547
-30333
-33606
-23282
-41544
-22900
-20501
-10850
-43435
-41039
-34756
-32929
-22571
-31752
-35353
-20240
-20496
-40431
-28047
-40438
-31869
-31091
-26821
-22738
-31898
-32514
-10059
-30813
-39124
-25320
-24844
-31210
-17506
-18019
-20890
-42261
-38651
-11155
-35609
-34332
-43040
-35665
-32336
-4755
-40214
-18323
-33284
-42531
-25721
-18501
-45567
-21211
-30303
-8717
-41767
-39513
-23877
-23421
-11883
-41289
-43600
-24705
-19527
-21887
-43332
-34549
-35771
-13158
-39126
-33337
-22522
-43652
-46043
-21048
-27459
-28626
-34538
-39661
-15676
-40790
-45983
-25972
-30890
-46201
-30067
-27581
-30611
-36550
-25456
-15027
-37716
-25800
-30396
-535
-20045
-45222
-44759
-36626
-39382
-18411
-45200
-21124
-17284
-23960
-37771
-33079
-35394
-32535
-27650
-43666
-8042
-43352
-30980
-22678
-36930
-32412
-17900
-38580
-33478
-20543
-32705
-34024
-43733
-27450
-19514
-14768
-31982
-29474
-45170
-9898
-24905
-28524
-43931
-46315
-41816
-23498
-44782
-23757
-31100
-41849
-35472
-34393
-41253
-34701
-39930
-23382
-41811
-29303
-12779
-37366
-21064
-21981
-29798
-24332
-31198
-43685
-41277
-21066
-37258
-42331
-19817
-32401
-19580
-33217
-26081
-11550
-40736
-2428
-34540
-35036
-33165
-44339
-30913
-18692
-41411
-45932
-40882
-6176
-41294
-42765
-31049
-13088
-19053
-45049
-39363
-42681
-15426
-35787
-44330
-28609
-26905
-14863
-43155
-44750
-31808
-41235
-24516
-42318
-32321
-19765
-32410
-39875
-35545
-41970
-35111
-14883
-40239
-20638
-9318
-21853
-41136
-39541
-29411
-43448
-31405
-44048
-21114
-27318
-45905
-22229
-25143
-34840
-31640
-44813
-28007
-43632
-33824
-35942
-39950
-43494
-29522
-27860
-40777
-28553
-12207
-34324
-18857
-23725
-38468
-43593
-15312
-22208
-30116
-7314
-26569
-26604
-24172
-10987
-8525
-35964
-44110
-12815
-28613
-26083
-10797
-42748
-15793
-25963
-38917
-8784
-34624
-22730
-34309
-38226
-31682
-38796
-20878
-41436
-44574
-30673
-35782
-32823
-23076
-35648
-28692
-29688
-20437
-14778
-35758
-17661
-21956
-34037
-39701
-29582
-14897
-43793
-39366
-41679
-21295
-31771
-41683
-22376
-39336
-14987
-9393
-45011
-22089
-12224
-25375
-35723
-24770
-29507
-24572
-44458
-27623
-13008
-4680
-36168
-28449
-34928
-31140
-44256
-22192
-37981
-25302
-25362
-30521
-14910
-27435
-41514
-33505
-22930
-16934
-42408
-35201
-40105
-20618
-22563
-21045
-23024
-20587
-18101
-37643
-43912
-42867
-41790
-40132
-42635
-29703
-26825
-32840
-34250
-44030
-35468
-38227
-26506
-19915
-43525
-41109
-8487
-35258
-39958
-20476
-32081
-42593
-16718
-23171
-32215
-39923
-34683
-40924
-10483
-7257
-32559
-3043
-36469
-44249
-15031
-32043
-16698
-39669
-32579
-38041
-38266
-20265
-40583
-33627
-38267
-29052
-45410
-35939
-45139
-31638
-27579
-43087
-16274
-38962
-39130
-44203
-24105
-21630
-35195
-18660
-18450
-44283
-27915
-41042
-44919
-40370
-21582
-31896
-17040
-42019
-27545
-43069
-38368
-31240
-37827
-20808
-8535
-29114
-21997
-28450
-18882
-45384
-45194
-39863
-43711
-43950
-25573
-29859
-34327
-10330
-28369
-31751
-31353
-13789
-24400
-41696
-16760
-17284
-19955
-42158
-27949
-22530
-22383
-37060
-45857
-41007
-26567
-39813
-21036
-45002
-19272
-30896
-21541
-20469
-38443
-13156
-33022
-44653
-36834
-22861
-18546
-10287
-23664
-21275
-35007
-40723
-10545
-35065
-34782
-42905
-45172
-17375
-29049
-44275
-45759
-29180
-39033
-40233
-41520
-35216
-38429
-15190
-40933
-45576
-34130
-32201
-41515
-42602
-32965
-7395
-40308
-22423
-38030
-28081
-18806
-42638
-40795
-20830
-21478
-29561
-10830
-24459
-36244
-3981
-4751
-23316
-22983
-19384
-18131
-40282
-39572
-45064
-11341
-31820
-16740
-37915
-41650
-8532
-35228
-43843
-34602
-40166
-45407
-40136
-28404
-28505
-36938
-45596
-29396
-2066
-41475
-29300
-30009
-36923
-27208
-24858
-11537
-43410
-30008
-44961
-45076
-22939
-34850
-27063
-41415
-39222
-11297
-32996
-37957
-12403
-44535
-15337
-32159
-16893
-44013
-35283
-25794
-44855
-41375
-25129
-22430
-27840
-17354
-30843
-36640
-39109
-32889
-46245
-29708
-39672
-21089
-31950
-20873
-20695
-18905
-15459
-34503
-12715
-42697
-32172
-40396
-32499
-36308
-32060
-33425
-38943
-2458
-27212
-22403
-36143
-46305
-24400
-14441
-19608
-26168
-16633
-25095
-38066
-44863
-21407
-13776
-42463
-44524
-43597
-45718
-45167
-18263
-40219
-44778
-8224
-4807
-38919
-38876
-34987
-29468
-35064
-45510
-33594
-44430
-4620
-18046
-32354
-26701
-26135
-45503
-42345
-15818
-32023
-12297
-40476
-40745
-14130
-45846
-35951
-38179
-20792
-38433
-40548
-22415
-40056
-44305
-43823
-41390
-42348
-29868
-20385
-41422
-30375
-25670
-23537
-29146
-32343
-40531
-42256
-39994
-14794
-43281
-42853
-26438
-30991
-29900
-26215
-29479
-31718
-17260
-24721
-34587
-36434
-18340
-35564
-36988
-32676
-46216
-39063
-38344
-42726
-20684
-43516
-20878
-36312
-44853
-43748
-30755
-32238
-9806
-11720
-39837
-42092
-34085
-37337
-29857
-36695
-38971
-32918
-21791
-39881
-25993
-37548
-42153
-13822
-46233
-41391
-27444
-31042
-28529
-27261
-37541
-25428
-39220
-27066
-30785
-17371
-45719
-23062
-30878
-19980
-38472
-28567
-20839
-37518
-9726
-32200
-28295
-38577
-26438
-27112
-17954
-22397
-12996
-43242
-35682
-41840
-23569
-27920
-26976
-44185
-29371
-39454
-34818
-30766
-38862
-15179
-46150
-22944
-26765
-39941
-34644
-14500
-28599
-41004
-25277
-23831
-28621
-44512
-19256
-30041
-34500
-29997
-28898
-45666
-39750
-39073
-10029
-27775
-36537
-29315
-16323
-43801
-41547
-19738
-35375
-12181
-30111
-32523
-37946
-24786
-13498
-46011
-37898
-45988
-32522
-34709
-10676
-37312
-42701
-4012
-28817
-42841
-44275
-27350
-29362
-31972
-39816
-9128
-18149
-30151
-40063
-43576
-36213
-40558
-45811
-30731
-17584
-33302
-22384
-14534
-38593
-43359
-28867
-43359
-43036
-10637
-19366
-42891
-39460
-32980
-22207
-38088
-37493
-44083
-9128
-37171
-14974
-31350
-24727
-18232
-44907
-22631
-37256
-41013
-39656
-35104
-28485
-7847
-37284
-43493
-16209
-42739
-23024
-24256
-28220
-3960
-44190
-44275
-3046
-23511
-41916
-18843
-32508
-16896
-41408
-15659
-30520
-30342
-33661
-31242
-13344
-22501
-23682
-13980
-37736
-43097
-38310
-13696
-33870
-43553
-26597
-33523
-21672
-38021
-25558
-31342
-32514
-26141
-38041
-34586
-38818
-20385
-40389
-43866
-31288
-22053
-21454
-28445
-17954
-6597
-45049
-45174
-40260
-39943
-20080
-21419
-29357
-29029
-16831
-14883
-36568
-38968
-37916
-30940
-39523
-40945
-24006
-23696
-28342
-39558
-34439
-42636
-45642
-44001
-34789
-37337
-36263
-36128
-43962
-36089
-38583
-40773
-35292
-27448
-9015
-26958
-13586
-24597
-35149
-3915
-23889
-42781
-44448
-37528
-23591
-8204
-30384
-18738
-40461
-43776
-44817
-21200
-46163
-31683
-44762
-16819
-10029
-46042
-27314
-37272
