45038
33467
34220
9623
40532
38590
44012
41466
45912
12439
40213
28593
43063
30832
26256
15179
29625
40327
12766
14338
10398
36637
31162
15606
40963
35350
39468
45811
19926
11802
29311
34879
41251
30211
3657
26483
18458
32774
44032
34065
44831
41561
20394
42101
36495
20087
28685
24888
17801
36506
41710
32893
24790
24238
20241
30283
43878
28161
28855
31110
35542
13970
12452
17485
44657
41568
41805
6479
30287
3433
16770
13415
31331
21057
30684
39009
15890
43051
45658
35659
24178
26967
18607
16758
26925
38850
30656
35096
31024
41830
30620
38388
36718
22371
44704
39831
38658
45414
41473
33059
42358
9877
22869
26312
36771
44446
35229
36302
28863
33005
44479
35827
44410
29980
24592
19309
43966
38926
14551
26283
10495
33447
17458
15255
38889
18575
34283
26644
22038
41815
29170
40442
36282
22086
31638
24177
23438
15576
37789
15051
13880
17909
18242
26758
36532
43945
24164
29697
38546
38044
30906
35989
34150
24410
46101
24833
18878
11261
19547
18576
35767
34699
24255
39265
34194
45825
32027
40731
13285
18834
12728
30596
42161
44439
20863
29721
43038
45830
23804
23334
40423
35636
41948
35015
30088
42797
31180
25382
29841
26547
27334
18416
39245
36807
44162
45535
38998
41726
24331
44001
45851
45428
26612
10237
38562
36436
19077
37637
25821
34553
27502
26930
24241
42090
35948
38998
23633
28411
18173
43214
25056
44931
36844
38773
36417
31742
8833
26603
39419
32716
30522
43112
45153
21179
19490
29451
42142
43827
27589
42104
14052
34129
44300
38159
29308
40143
30853
37974
41091
32658
38063
40211
27626
28160
19186
23807
36845
17824
33336
38674
5675
45450
41923
32329
46258
15470
17140
34554
17381
40052
43269
19170
32768
34081
40635
45745
37528
10417
44168
18321
28295
43142
27900
30090
21306
28471
45911
6999
11089
45812
35359
11468
34681
33408
18988
6019
27170
35601
43893
16801
34003
40154
44747
18351
42587
31087
29984
43719
26067
32311
38093
44599
27218
21733
22727
37809
44904
33631
33530
31951
39933
38961
40948
39607
36434
29032
42106
17759
5135
37427
15649
19868
11208
12227
45513
32201
21581
43978
39922
9082
44369
40060
23482
39079
44276
23164
42047
39105
39385
20949
23865
42028
45212
25469
22912
43087
45511
43654
46209
38456
40988
30501
29899
39885
19348
44626
37342
30586
41564
32626
37269
19917
26797
42840
45917
19648
38719
39430
13276
21430
12356
35095
43965
29502
39706
44842
38621
18572
43856
46100
36460
39553
19690
43271
24445
37408
37067
34424
41812
32547
22767
42321
38653
45869
46171
42937
26135
44955
37095
45177
36943
34703
11004
31706
42447
35494
28288
45945
23329
36614
26608
14391
26654
37560
40269
25413
30515
32998
43284
45727
30767
19290
35066
42825
8928
43126
40164
7158
42189
39240
21357
18558
29485
27191
42719
29639
18074
25851
18994
43367
38790
30198
13767
35278
16434
21592
21635
29136
43709
39258
44224
42504
10621
43919
27896
35900
36634
28527
18813
25797
3918
17847
1412
25981
40389
33864
16335
29069
38933
6386
16980
24485
20079
16693
16243
27241
37630
13536
44270
41994
37553
30905
22264
36816
41873
40979
25685
42478
15424
38467
43009
36073
15300
26526
37302
33969
42848
19868
35499
6622
29509
37501
16932
31392
23505
43996
27810
35930
24187
12143
38128
42277
12402
32892
23004
28235
45067
44824
21547
41297
24698
44080
27356
40355
21514
38019
29280
33938
46121
33190
4611
41800
38460
32862
41005
44192
13437
25255
23435
7694
38608
15012
38499
20301
43346
24450
41938
14648
38325
42508
41315
35347
28260
40414
25268
26534
21283
40100
45427
39036
24785
33112
25499
43090
14707
27011
26641
33517
14403
39516
30766
39615
11640
24940
13823
41035
24762
37345
27702
45409
29625
30803
42224
39918
10317
37356
16067
44924
21787
42793
34791
36083
27732
16739
24011
24744
42565
25810
36710
41951
31380
32195
29131
44702
12399
14475
27489
40905
2475
19036
38742
42598
40016
21814
37371
19516
46298
7953
41180
41378
42150
25353
19934
41548
24557
35686
37344
41351
18313
41453
39219
26181
32910
26215
43101
33939
38046
38484
11434
42805
29065
14134
39214
31647
33383
21457
43944
41649
30487
31234
42228
20563
25548
44597
35849
42145
43955
43434
40952
43842
34154
26134
45181
30535
15284
30226
23715
22806
45215
33862
13695
40722
36836
44865
35548
45762
36950
38023
37783
30882
28785
36457
4077
37621
38763
17701
41713
29248
38326
31704
15958
34936
40166
28897
33655
11406
33585
33162
17850
28636
22717
34318
31239
11414
4042
43541
40913
45634
30107
11291
35011
21135
41514
40214
31805
37915
40266
42419
9779
32333
33148
44468
42545
44906
20372
38068
46096
39919
8152
40210
25864
27476
3535
33584
13505
25052
37374
36818
30363
19566
45255
42145
16048
35977
28915
38093
43095
33851
25756
44152
43176
20264
34110
36735
23216
44297
13570
35793
42707
37725
33272
18925
37007
33170
36984
30988
45608
45706
29673
6177
34200
11549
28488
28742
20792
29157
41063
15214
26165
45287
24179
39808
42624
35547
12839
34048
40650
36880
38548
31831
18218
34881
27742
31778
33280
41189
8122
16950
18589
19023
45766
15410
27226
7236
37317
39028
24604
20285
43780
30041
30842
39291
5816
42154
23379
32119
44495
28784
19164
17427
45663
39880
44391
6329
25539
28497
29680
32287
44653
35499
41864
14311
31049
29807
41280
24460
15241
35005
37054
23136
41485
35853
19478
29020
18338
22076
22972
21976
24481
39350
24914
41185
34103
38741
19346
45840
27601
23202
29434
7538
39514
32599
43878
28084
44440
37345
24311
15017
1943
39850
33397
19418
19844
28285
29773
14678
42300
31125
33862
37167
14913
21778
44664
28867
33542
7757
36689
27656
41295
33460
26751
28556
10091
22215
44625
15320
32515
39258
28471
24337
41351
13248
44967
44288
39591
9771
11634
36238
35604
45662
41151
40902
38001
40068
7655
18634
43007
39844
40478
33680
19436
29843
19921
35078
35392
41220
16951
31349
45533
18080
25427
22362
35732
31093
39064
43861
32053
41353
38675
20036
44315
40625
27766
3702
43021
25835
35051
17384
9775
5663
42086
37475
29248
16318
42992
34428
11690
22744
24074
28250
44377
34711
37403
37219
7383
38713
33833
15969
45428
45142
43839
40617
29042
35322
17909
27259
36233
21422
7580
36719
26754
18101
37046
45287
45817
32848
31052
44872
21272
39411
35398
20641
23528
40570
42549
18413
41505
39688
45094
11170
40120
27220
41446
4961
24520
38138
35700
37475
35181
12660
36644
39943
37359
36039
42048
41826
25233
4670
15670
23648
27837
7741
40372
12035
46071
26254
13877
34793
12765
29769
34555
30845
35048
30008
4331
37926
36811
42026
42867
38867
26861
42413
35100
29749
22876
40431
44402
30234
40749
45699
29140
12664
21211
38255
45995
45531
21350
28528
5070
17865
39531
27753
27415
39153
6673
18998
32924
25775
22619
6294
41976
31321
45127
30430
41965
33180
17826
41263
43363
13405
33233
35017
34588
9825
37408
34849
36444
25115
8378
41368
39969
20028
44130
43958
17159
30926
36392
30239
45920
25691
37706
20744
22626
21554
30537
42394
21736
46130
31988
10702
39797
19932
15845
33709
38619
36237
30829
37741
13272
31502
10618
41325
45053
43184
27438
13641
37324
34768
27784
39823
26595
22653
32646
42110
25944
29506
28532
34432
31328
22003
22966
33472
19122
39887
5071
43454
22366
36765
29913
7502
21293
45565
37749
30028
44450
37134
17186
14288
40185
25228
42800
41288
40490
13661
29205
28913
14508
33202
44041
20712
12255
10526
37742
17072
16304
44965
35329
21951
22875
20241
35692
45299
15060
38530
41313
8256
35525
22488
31466
30897
40164
33538
45395
34503
28367
20117
32917
38349
34994
37494
33199
10557
35685
30843
25932
27915
15480
33583
40737
43547
41935
45249
18497
45131
22995
29485
39150
45285
22276
44338
33156
43098
41571
32726
39029
15625
27448
43471
14950
35942
42781
35408
33640
31654
44613
41068
25488
38982
36503
37364
14394
21459
43354
38030
28534
24045
39654
25518
39957
35240
26006
25039
36349
24934
45049
43392
45303
38952
27635
36066
14000
8372
13135
5977
41992
32440
22582
35802
27047
31048
34157
37102
33197
37121
31035
40756
9786
15567
14709
22609
38435
14768
31176
33909
34499
43380
45052
13227
9349
43858
18286
18034
16869
17570
29506
44596
40529
15890
40251
19561
31955
36826
42693
31742
38940
42098
42245
41601
21859
43605
30126
39746
12106
37032
35527
42750
17703
43989
45875
42571
28226
14807
17773
39850
42808
15041
32388
26247
25552
26087
36906
28110
38629
34671
43776
20389
30956
39999
46086
36843
13261
28666
33670
22749
37139
36341
23161
33349
7769
39741
34287
42998
45176
7746
30843
42299
44684
25098
40637
24876
41889
24306
39329
46285
34440
11578
31929
46079
27303
20379
22741
32788
24530
26291
37012
44516
40346
26828
30565
33660
25507
45986
38929
44443
46117
29539
9399
5833
21648
23480
32173
38703
37734
45855
34251
36407
45864
29374
33072
32021
34833
11675
41942
35435
37963
19183
38289
40741
40091
31058
6167
44017
30607
22161
33624
2848
31500
37580
25241
31756
15142
43642
9116
18589
18292
34626
24842
43301
44383
41537
36209
29545
37186
39416
45875
37461
32118
18823
42340
44782
22961
13971
24879
29723
22763
31121
33721
33582
11751
35543
33727
17869
37508
41161
8053
41871
37406
42518
38673
12412
12807
34602
31822
16636
37957
6263
22679
25525
20687
26396
42649
26833
45486
35580
16001
30494
34159
35084
40396
28285
25930
26737
37831
9982
43355
43051
29200
29205
39882
26559
40683
16366
44805
38386
32126
45904
3992
32369
22203
34620
35634
25650
41645
41058
20328
32305
45251
6328
10870
7764
41307
45886
45553
32952
19501
29550
36096
40636
25617
21294
21033
21747
43402
36931
44042
8405
23180
40019
37012
14520
36866
17768
7309
14806
36256
28177
29444
40924
9398
33768
12226
3417
6961
32655
34640
28357
12374
22363
12787
38636
27854
46181
18883
20299
10126
4706
35887
10302
30687
32414
21935
6760
26880
25570
37912
19147
25964
41498
43585
42632
36457
27045
25331
45976
37264
37791
41787
38729
35492
15312
16628
34886
12520
35718
11256
33082
44569
45226
28273
41860
35697
46003
41354
38835
10036
35567
26120
36511
4651
37229
44130
11849
28115
33857
18495
24007
40704
39299
44418
26994
33739
43321
11902
1188
19896
22657
41401
43348
5365
42898
32852
17438
24375
32342
31515
23989
43277
35564
40366
45511
45241
3865
42970
40316
45334
43991
22410
16876
8643
19024
42312
32349
45830
26480
14168
6173
10049
35814
44474
33157
15048
27663
40469
33663
45192
34221
23031
20646
30536
19495
21113
34362
45178
18105
45108
38346
27838
30460
18499
45359
30417
43331
31424
38338
34724
25055
40960
42629
33434
29886
28753
34521
11598
34645
38835
2130
42954
29307
42574
33620
32729
35046
13929
20415
36260
32109
6275
32328
22718
44755
24373
41732
31363
18313
43364
44740
21783
35303
36620
33748
27952
44736
44913
30267
33508
31481
39597
28032
42258
28692
37030
1636
37466
43566
19505
21035
23414
13320
38999
10025
10164
36987
40025
45691
24356
35561
42350
46011
35462
27321
17125
29171
31608
22024
36563
35510
31569
38221
18636
24005
16907
23163
43182
35294
40925
40147
11683
35260
43539
15223
25576
39055
31910
45281
6067
33496
26150
40495
41137
33973
17097
44186
42852
30117
44167
28425
30504
43155
26985
41030
31413
37996
7006
37733
28020
26601
45450
11702
12044
19015
26726
20823
17431
14715
41737
40592
29686
20182
17376
36791
13701
45660
20363
42575
8708
25377
38934
44865
45439
39896
37212
42204
28336
32780
42590
37588
37685
39197
45667
30209
29252
32894
17906
25638
41896
21999
30253
26867
43830
20617
31998
25089
6475
45022
44512
40070
31360
26975
29478
42829
37403
39710
42848
31592
25464
33767
35595
31050
37917
19943
26727
39291
30820
28927
25778
32799
33626
8075
9789
39160
38318
34577
27408
34412
38094
24672
24292
14276
40008
41926
24044
39840
40583
44291
24281
16352
31092
39257
29737
31044
43162
45437
32716
43174
19543
21327
38272
44669
36243
34934
35412
36120
24575
32819
33921
35665
36199
45777
12172
14228
28662
39488
27064
9359
38245
21011
43425
32979
21958
39784
36090
27164
25985
45800
36452
44577
33480
14847
38327
7415
23708
46103
13428
28994
29519
23641
12178
39513
28683
29783
33009
34604
45058
26109
24441
41330
30895
4549
36449
44359
18844
24566
38742
41389
35450
38712
39355
35593
44307
36842
31826
11549
42324
42856
37216
40295
43726
20366
41231
44638
21965
12891
24657
34248
31909
14441
30556
46299
40338
29893
42225
45491
28577
43281
30504
27086
34363
36937
24658
36689
45779
11463
41226
44990
40015
18254
36052
3060
40391
10074
43288
40184
38830
36866
7686
39838
22435
30121
11606
39578
22428
30421
27284
22477
29653
41082
32739
33708
41945
39043
38907
31903
42459
23386
43798
36135
8873
43179
29896
5546
27205
31041
20192
20973
46191
39797
45160
39438
41699
44220
45739
35422
14753
13971
38262
22524
7228
37102
15000
42807
27043
22510
38590
37051
9953
28383
42062
24694
28640
28638
28983
31210
44585
43281
41602
29953
10454
41448
41587
37043
45064
7237
18032
38745
34633
19289
18252
25466
37474
29933
36635
42419
39788
36087
18302
32534
21622
28613
16120
19678
38896
38760
32932
32903
18111
18060
22365
31430
38053
19967
6270
35442
19712
46084
38102
44298
31273
15991
43535
34978
45693
13510
43601
33682
35194
36819
34024
45717
33286
29426
27899
41976
32568
44009
22763
45325
36521
37496
42334
13925
34143
45256
39917
14058
24585
18999
36459
18747
23844
26452
46260
45689
33365
13123
25953
38697
22308
25218
26759
35255
30852
34652
37692
45073
3250
36457
15370
43550
28287
43731
41455
20336
43436
24443
9560
34118
41451
42388
39437
35225
31901
37525
33972
30483
14251
21953
19864
25044
16854
6974
39410
19820
25310
32674
31123
45267
42908
21295
41919
33071
41561
32332
31750
38248
45652
33475
30911
42610
8818
4698
40945
25371
36934
30927
46250
32975
29275
43151
46140
19749
39165
16697
34619
34079
32395
13092
18192
41316
30721
10110
23783
13487
39079
42771
33910
43319
25260
37615
33945
33239
43673
29743
16803
34991
18149
6955
46271
34636
9027
42632
27141
27790
32186
42934
36492
6109
15031
43845
18104
37789
21613
31337
15613
41292
31850
21551
15299
32152
15664
15739
40302
21935
30821
32176
41351
31832
46276
23293
36960
39393
43853
21179
36295
20090
43314
28256
41212
32784
23512
30910
44685
31819
31366
28494
38310
41585
43590
43223
34506
45185
20803
45645
15546
29106
27254
42728
19782
31362
39210
41074
27480
44012
39522
31863
39567
41920
35563
41143
25167
12565
44860
23649
38404
22586
29774
43755
30659
43491
43850
41880
40153
33946
12530
17003
43881
31374
33978
31676
35386
7326
42535
39506
45412
20322
23363
4587
32547
26577
40556
24982
5291
27123
38809
23894
35341
46274
40566
15292
46170
21169
35283
25044
45083
26897
7931
20907
44381
7061
45548
36514
45516
34242
39615
33515
21703
32253
30021
31927
24281
46298
36880
35940
32329
33548
30334
33610
23283
41545
22903
20502
10851
43437
41041
34757
32930
22572
31753
35354
20242
20497
40433
28049
40439
31870
31093
26822
22739
31899
32515
10061
30816
39127
25324
24845
31212
17508
18022
20892
42262
38652
11156
35610
34333
43041
35666
32338
4756
40215
18326
33286
42535
25722
18502
45568
21212
30304
8718
41768
39515
23879
23423
11884
41291
43601
24706
19528
21889
43336
34553
35772
13159
39129
33338
22523
43655
46044
21050
27462
28627
34539
39662
15677
40791
45984
25975
30893
46205
30068
27582
30612
36558
25458
15028
37718
25803
30399
537
20046
45224
44760
36628
39383
18412
45201
21125
17285
23963
37773
33080
35395
32536
27651
43668
8044
43353
30981
22679
36931
32413
17901
38581
33479
20544
32706
34028
43734
27452
19515
14769
31983
29477
45173
9899
24906
28525
43932
46316
41817
23499
44785
23759
31101
41850
35473
34394
41254
34702
39932
23383
41812
29304
12780
37367
21065
21982
29800
24333
31199
43686
41279
21068
37261
42333
19819
32405
19581
33218
26083
11551
40739
2433
34543
35037
33166
44340
30914
18693
41412
45934
40884
6178
41296
42767
31053
13089
19054
45051
39365
42684
15428
35788
44333
28610
26907
14864
43156
44751
31810
41236
24517
42320
32322
19766
32411
39877
35546
41971
35112
14885
40243
20641
9319
21854
41138
39545
29415
43454
31407
44049
21116
27320
45908
22230
25148
34844
31643
44815
28008
43633
33827
35943
39952
43496
29525
27861
40779
28555
12210
34325
18858
23727
38469
43594
15313
22211
30120
7319
26572
26607
24174
10988
8526
35965
44111
12819
28614
26084
10798
42749
15796
25964
38918
8785
34625
22731
34310
38227
31683
38801
20880
41438
44577
30675
35783
32824
23078
35650
28694
29690
20438
14779
35762
17662
21958
34040
39702
29583
14902
43800
39367
41680
21297
31772
41684
22378
39343
14988
9395
45013
22094
12226
25376
35724
24771
29509
24574
44459
27625
13010
4682
36170
28450
34933
31143
44259
22193
37987
25304
25365
30523
14911
27436
41515
33506
22931
16936
42411
35202
40107
20622
22564
21046
23025
20588
18102
37644
43913
42869
41791
40133
42636
29710
26826
32841
34251
44031
35469
38228
26507
19916
43526
41111
8488
35259
39960
20478
32082
42594
16723
23172
32216
39924
34684
40927
10484
7258
32561
3044
36471
44251
15032
32044
16700
39670
32583
38046
38269
20266
40584
33628
38268
29053
45411
35942
45140
31639
27582
43088
16275
38963
39131
44204
24106
21631
35196
18663
18451
44286
27916
41043
44921
40371
21583
31898
17043
42020
27547
43071
38370
31241
37831
20809
8537
29115
22002
28453
18883
45385
45195
39864
43713
43952
25575
29860
34329
10332
28370
31752
31354
13791
24401
41697
16761
17286
19956
42163
27950
22532
22384
37063
45858
41008
26570
39816
21037
45003
19273
30897
21542
20470
38444
13157
33025
44654
36836
22862
18548
10288
23665
21277
35008
40724
10551
35066
34783
42906
45173
17377
29050
44278
45762
29181
39034
40235
41521
35218
38430
15193
40934
45577
34131
32202
41517
42604
32966
7398
40310
22424
38031
28082
18808
42639
40797
20832
21482
29564
10831
24461
36246
3983
4752
23317
22984
19386
18133
40283
39573
45066
11346
31821
16741
37916
41651
8534
35230
43845
34604
40168
45408
40138
28405
28506
36939
45597
29399
2068
41476
29302
30010
36924
27209
24859
11538
43411
30009
44962
45077
22940
34851
27064
41416
39223
11298
32997
37958
12404
44537
15338
32160
16894
44015
35284
25795
44858
41376
25131
22431
27841
17355
30844
36643
39111
32891
46246
29711
39673
21090
31952
20874
20696
18906
15460
34504
12716
42698
32173
40397
32500
36310
32063
33427
38944
2459
27214
22404
36154
46307
24402
14442
19610
26170
16635
25097
38067
44864
21409
13777
42464
44525
43600
45720
45168
18265
40221
44779
8225
4809
38921
38878
34988
29470
35066
45511
33597
44433
4624
18048
32356
26702
26136
45505
42347
15819
32024
12298
40478
40750
14131
45847
35952
38180
20793
38434
40550
22416
40059
44307
43824
41392
42350
29869
20386
41423
30379
25673
23543
29148
32344
40532
42257
39998
14797
43284
42854
26439
30992
29901
26216
29485
31722
17263
24724
34588
36439
18342
35566
36989
32678
46217
39064
38348
42729
20685
43523
20880
36313
44856
43749
30757
32239
9807
11725
39841
42093
34086
37338
29858
36696
38972
32919
21792
39883
25994
37549
42154
13824
46235
41393
27445
31043
28530
27263
37542
25429
39224
27067
30786
17372
45720
23063
30880
19982
38474
28568
20842
37523
9728
32201
28296
38578
26439
27114
17955
22399
12997
43245
35685
41842
23570
27923
26977
44187
29372
39456
34819
30768
38863
15184
46152
22947
26766
39942
34645
14501
28600
41006
25278
23834
28622
44514
19257
30042
34502
30000
28903
45671
39752
39074
10030
27776
36539
29317
16324
43804
41548
19739
35376
12182
30112
32524
37947
24787
13499
46012
37900
45989
32529
34712
10678
37317
42706
4015
28819
42844
44276
27352
29365
31973
39818
9130
18150
30153
40068
43577
36214
40559
45812
30735
17587
33304
22385
14535
38595
43361
28868
43361
43037
10638
19368
42893
39461
32982
22209
38091
37494
44086
9130
37172
14976
31353
24729
18235
44908
22632
37257
41016
39657
35106
28486
7850
37286
43495
16213
42742
23025
24258
28221
3963
44191
44277
3047
23512
41919
18846
32509
16897
41410
15661
30521
30343
33663
31243
13346
22502
23683
13981
37737
43099
38315
13697
33871
43555
26598
33525
21673
38023
25560
31343
32515
26142
38045
34587
38819
20386
40392
43867
31289
22054
21455
28446
17955
6598
45051
45175
40261
39946
20081
21420
29359
29030
16833
14885
36571
38970
37917
30941
39525
40947
24007
23697
28344
39559
34440
42638
45648
44002
34790
37338
36265
36132
43963
36090
38584
40774
35293
27450
9020
26959
13587
24598
35153
3917
23891
42782
44449
37529
23593
8206
30385
18739
40462
43777
44818
21204
46164
31686
44763
16820
10030
46043
27315
37273
