0 0 99 111 381 415 514 585 690 691 783 784 954 55 65 80 591 359 545 474 670 670 433 915 844 881 724 961 961 446 
153 732 1937 
962 
634 
588 
36 63 97 603 949 97 916 
64 682 20 663 
390 616 1001 1004 
868 1986 
158 202 260 559 820 970 
390 440 
387 945 
508 1741 777 
250 
868 1630 544 
390 
145 
488 601 663 832 
59 847 
495 
6 663 
1678 680 
118 303 335 455 469 599 668 899 390 699 
309 704 
127 392 406 685 947 952 
69 357 655 683 888 296 461 
86 263 1634 
393 
48 54 105 106 153 633 987 275 390 422 522 714 748 999 
740 793 818 859 792 
1203 1239 1282 1650 1788 1991 2064 2149 471 505 
2202 1282 1357 297 1489 2665 2774 2812 1740 646 732 3028 779 882 2082 471 
592 665 686 687 697 845 
260 
180 366 1587 573 697 828 829 699 
92 500 643 814 
5 97 274 329 661 916 
1267 182 2464 310 444 1724 828 79 
643 
1010 488 
146 148 177 411 480 621 625 660 847 849 
418 2773 
487 488 644 
847 
632 868 678 
733 751 
847 
213 778 
28 106 422 748 
847 
763 
355 356 438 470 481 516 597 318 364 390 439 481 482 483 616 747 1005 
612 
161 309 
28 67 184 275 390 422 522 699 714 748 956 998 999 
2196 0 3279 971 972 
1824 3291 172 1492 505 
1127 1253 157 1536 1608 1636 1682 1769 1981 
180 302 697 390 414 439 554 
18 604 847 
443 586 
944 986 
802 2593 
5 949 97 274 329 661 916 
6 91 210 239 569 643 
152 0 218 266 876 992 
331 
54 105 176 291 616 714 748 998 999 1000 
301 
25 355 356 516 265 276 296 338 372 461 505 
750 631 659 
190 939 
674 
894 
991 
495 
674 
813 735 916 
534 732 505 
1019 37 103 2460 278 2677 460 1724 828 3162 
0 269 1545 
847 
390 658 
274 643 
743 986 
366 619 697 390 698 699 
26 262 272 460 461 585 626 769 797 1006 539 
87 87 597 
152 154 1281 779 1998 1999 2073 266 780 905 
546 548 788 
474 1631 862 
64 682 795 
35 
447 763 800 
285 373 374 390 439 444 445 
571 574 2923 698 
913 997 
5 5 36 63 949 329 661 
390 699 
0 723 931 952 
680 
542 
267 
79 272 364 390 
129 131 134 140 
28 67 176 180 275 422 522 699 714 748 998 999 
28 48 184 275 291 390 422 442 522 554 699 714 748 998 999 
265 276 338 372 502 
1494 383 2125 173 383 838 
323 848 
584 
0 
917 
382 
329 
569 671 
410 
117 117 
22 
810 381 
634 
866 643 814 816 866 
263 297 471 2745 1004 
310 547 668 669 
881 
822 
617 243 
24 297 471 
638 
104 589 
2361 182 1498 1498 
104 589 
564 
1098 323 
104 589 691 
319 370 610 715 716 
643 809 814 
330 416 
486 847 
495 731 
104 589 
1002 144 418 
416 472 496 
704 
141 146 453 1002 281 416 822 
16 472 497 542 822 
40 144 907 230 416 418 822 
390 456 927 
40 230 
149 149 326 150 325 1509 1701 637 917 
149 326 1509 1701 637 917 
390 598 
65 88 573 266 291 566 
1 28 275 291 390 422 522 699 714 748 
88 291 390 460 483 
390 699 
390 699 
57 290 641 
9 970 568 583 
285 291 504 547 
854 596 753 980 
53 309 
782 
290 
952 353 
863 
656 731 
639 291 364 390 439 462 608 799 
608 
293 
306 494 287 348 520 846 
506 817 
56 1168 1934 505 
108 384 514 838 
410 509 
479 
67 105 390 830 987 998 
40 230 
228 232 236 
1075 1282 267 297 438 1650 573 646 779 1921 1991 471 
34 58 105 303 390 572 688 698 717 842 987 
847 
37 130 278 390 523 
2207 185 452 605 3117 
54 106 1249 422 539 586 1761 694 697 714 3252 999 1000 
183 2641 605 2855 3043 3267 
847 966 
847 
531 791 814 
391 483 
71 
409 661 847 
607 
758 759 760 
265 372 422 445 3122 
753 
389 973 
647 898 
416 
606 2855 
390 582 
1494 383 2125 838 
9 255 385 386 387 584 654 847 932 933 
239 274 661 
204 204 650 945 
670 
507 1628 
499 
495 659 
347 641 
64 279 682 
659 
390 439 963 
47 293 396 397 447 872 
654 860 
672 
291 684 
724 591 615 
65 1247 2401 1489 2638 1724 725 732 2104 3303 
390 681 
619 
390 
924 
708 
697 
653 
631 986 
753 
178 295 305 
625 
146 148 177 411 480 621 625 
390 681 
178 295 305 
292 390 420 
364 390 571 
1068 1226 1568 592 739 
178 295 305 
979 
608 
64 203 498 643 682 704 
386 584 618 654 794 932 
410 631 659 
822 847 979 
126 617 
364 390 439 483 547 926 
722 1009 
2559 810 
806 933 1003 
390 681 
388 
13 691 
302 364 373 438 517 668 669 699 745 1956 
290 
364 390 439 483 547 926 
390 
202 654 
447 
556 573 
944 
364 390 439 483 547 926 
9 33 290 
523 
86 541 673 797 272 373 471 780 887 
26 122 311 344 424 425 426 566 685 768 769 796 840 283 460 
723 815 
69 107 194 501 502 567 655 888 
65 88 152 297 685 732 3191 905 2081 
102 179 780 
561 668 
80 878 
868 
690 487 488 612 643 644 
86 103 262 285 310 516 827 887 471 780 
432 433 
36 63 83 203 735 916 
28 54 105 106 1249 153 469 619 697 956 987 1000 
69 107 463 555 580 581 655 827 888 901 902 471 
951 
79 1175 1267 182 2464 310 444 1724 828 
2292 210 358 2969 3005 3006 
324 350 917 
144 418 584 861 419 822 
631 
263 311 
1513 732 429 
272 94 159 2482 356 445 697 896 471 
545 544 
170 675 692 337 846 
917 615 
732 
157 163 252 260 784 783 
67 106 152 153 154 159 167 216 317 336 356 445 462 470 482 501 516 590 1714 640 673 683 694 708 746 3130 926 927 
233 
169 213 396 397 651 778 396 
588 
228 232 236 475 535 602 634 732 771 882 
25 69 655 1007 447 
31 179 266 122 127 1232 504 541 3015 797 802 
764 1010 
468 648 
418 
2245 68 
58 251 438 746 804 911 364 439 
22 180 841 390 698 
304 304 634 
228 232 236 429 1512 1710 
170 615 
847 
868 1986 
23 53 161 
37 123 272 278 517 574 699 
263 283 2529 2530 2105 
315 
315 643 661 850 
315 643 661 
312 313 314 
622 410 
291 390 
51 481 597 390 
135 788 
1009 730 736 737 
825 
685 
109 133 512 513 514 514 
280 326 1509 1701 637 
149 326 1509 1701 637 917 
149 150 325 324 350 591 1701 917 1509 1701 637 917 
1509 1701 637 917 
617 661 948 
36 63 97 114 661 821 948 916 
137 659 
66 
2342 597 439 799 
722 
389 756 
22 
291 390 598 
287 675 
69 107 463 555 580 581 655 827 888 901 902 471 
2799 1858 813 3158 
509 
1386 868 1560 3258 
771 
1804 869 
263 2570 
857 
477 
209 719 
170 630 982 643 848 
1177 574 575 619 
280 326 515 615 629 985 
2579 354 416 
2583 353 354 
352 164 421 354 
352 2259 2407 2579 2580 351 353 2585 2586 2770 1958 
51 69 356 364 390 439 483 747 772 976 977 1004 
51 69 285 291 355 390 745 747 773 
25 888 
279 359 
358 0 
361 419 822 
360 
971 
363 363 390 765 
51 103 167 234 244 251 253 259 302 355 365 382 462 470 481 482 483 516 517 523 525 550 673 697 701 706 745 746 777 804 910 911 918 439 
364 2446 439 799 1004 
34 85 699 700 
488 
488 
651 477 
135 1337 
895 
69 107 194 501 502 655 888 1007 
94 2463 251 262 374 444 445 3014 3015 
373 94 444 445 763 
515 630 
673 
2371 673 1001 
2339 2596 1633 947 
678 954 
537 
0 119 605 606 684 713 
113 364 390 391 439 
108 201 108 384 514 514 838 
173 383 514 838 
202 386 
385 202 240 584 932 
11 202 434 649 650 434 
249 579 676 
196 334 467 579 584 636 936 973 756 
7 10 15 22 28 51 54 58 82 85 94 98 103 106 147 151 153 154 155 156 167 176 180 182 200 212 219 221 231 233 234 244 248 253 254 259 303 317 318 336 355 356 363 382 391 414 444 445 450 455 456 462 470 481 482 483 504 507 516 517 523 525 550 557 573 576 597 608 619 658 668 669 673 680 694 697 698 700 701 702 706 708 711 727 744 746 772 773 799 802 804 812 880 896 899 906 910 929 1000 799 
390 189 382 799 
24 592 914 
27 940 
506 847 938 940 
397 
293 213 293 397 723 778 
293 395 396 213 778 652 
820 
951 
402 405 401 693 916 
400 402 405 404 693 3183 
400 401 3185 
405 404 631 
1343 401 403 405 693 1859 3183 
400 401 403 404 2134 693 
24 789 
812 
516 
191 847 
116 174 241 316 411 570 622 975 
40 230 410 631 
822 
2466 2868 608 
390 58 439 
0 953 
137 142 144 146 198 351 418 453 499 879 1003 
453 810 822 
41 281 300 416 141 146 453 1002 822 
281 360 
233 
1150 353 1262 1646 1687 
184 28 48 54 105 106 153 194 469 586 633 714 1899 987 554 
952 
263 426 
263 426 
263 424 425 
763 
673 891 
1172 284 1408 305 1409 1512 601 1710 1721 732 
732 
868 925 
273 1420 433 915 705 855 
273 432 915 0 
387 387 506 
847 
847 
438 516 711 
51 179 302 437 251 439 745 
51 58 94 167 212 244 253 259 302 332 355 364 365 382 414 438 444 445 481 482 483 516 517 525 597 668 669 680 697 702 747 755 804 871 918 
10 
1236 2447 1478 1531 2665 2765 1723 645 1801 774 880 2168 
106 
60 443 443 586 
37 278 373 374 390 439 94 445 
285 291 373 374 390 439 94 194 444 
909 0 3273 
93 213 256 296 535 744 778 800 921 967 
810 
450 
390 449 451 560 710 896 
450 773 
183 605 
144 416 417 418 
817 
22 390 1008 
390 147 698 927 
458 
457 
573 697 
79 86 2361 154 263 685 3156 3159 1006 539 
86 25 69 888 
291 364 390 167 828 556 609 
276 338 
2745 739 
466 
465 
389 767 
299 
22 275 422 586 633 697 522 554 
51 291 364 390 
2221 30 31 1075 1169 1199 122 127 1232 179 262 272 276 1357 285 1383 338 504 510 541 556 566 2812 697 732 3015 780 797 802 
142 145 822 
767 822 
90 0 1968 862 
295 476 558 742 
475 
346 369 753 951 
868 
175 
40 230 
51 318 364 390 439 51 482 483 616 698 747 1004 1005 
291 364 390 439 51 481 697 
364 390 439 51 154 189 244 253 259 355 481 516 525 597 702 706 708 918 926 
847 
486 
138 485 
42 271 950 488 
17 39 42 271 367 368 487 488 488 489 569 790 833 834 950 955 964 1010 
488 
805 
635 
570 493 631 
492 907 979 
170 767 1003 
19 75 139 208 667 743 935 979 631 659 986 
142 596 
145 
239 
207 416 691 
35 892 
265 291 372 1007 502 1004 
265 372 107 501 508 755 1007 664 1004 
634 
297 390 471 159 510 747 
30 56 69 78 172 534 562 732 
434 171 394 721 843 939 847 938 
390 206 541 
12 502 655 
174 340 847 848 
471 504 566 
691 
323 
323 
0 173 323 383 384 323 383 868 
350 375 629 848 985 
51 69 272 291 364 390 408 437 439 483 699 745 747 772 805 976 977 1004 
364 390 439 251 310 525 673 871 
952 
691 814 847 
170 847 
616 701 
28 54 105 106 1249 153 1374 1460 1464 469 616 619 697 956 987 999 1000 
364 390 182 261 
971 
364 390 439 483 517 590 
847 
847 
528 528 
847 
879 2987 
188 532 810 
531 
533 533 534 732 
78 505 533 732 862 
295 447 
564 
380 655 
673 769 
184 86 460 
784 
262 297 471 507 
101 145 791 847 
851 
14 286 545 
286 544 0 
89 548 788 
123 159 244 253 259 572 573 590 697 
89 546 986 
572 574 575 616 646 698 
364 390 
679 680 
952 637 
2728 2791 673 1921 1951 2161 
58 106 422 469 1642 830 1000 
276 338 901 902 
471 2266 257 462 829 2894 
390 897 
475 
9 753 
450 
268 561 561 655 669 
505 
704 
132 536 775 975 
852 
263 471 510 152 770 771 802 
265 1650 
158 
64 115 488 600 612 682 866 
410 492 659 
95 234 697 616 698 
547 180 549 573 697 841 574 616 698 
34 152 179 390 459 547 572 257 829 689 
349 95 310 549 572 697 616 698 
349 549 616 698 699 
390 873 
3209 965 1857 
608 
388 389 753 788 
276 338 581 
276 338 580 
200 
158 612 847 
110 281 389 202 240 386 
0 86 
60 184 422 443 469 
808 
4 294 952 739 
129 131 134 140 
291 525 547 
1017 0 326 217 724 978 
1068 32 1226 392 1568 235 615 685 739 
595 847 
595 847 
593 594 847 916 
160 496 
51 87 318 332 390 439 483 608 
151 336 599 
22 598 
569 671 
429 17 834 
295 
5 661 
59 846 850 
183 381 452 185 993 
381 199 
192 849 
390 167 168 238 413 578 597 639 706 773 896 
1019 462 828 3162 
135 1706 715 
950 613 644 
52 271 569 583 955 964 965 
611 955 
2362 696 
217 288 306 350 1509 592 3205 3217 
521 522 7 51 67 481 549 571 572 574 575 1714 668 694 714 748 2018 3236 998 999 1000 
126 243 328 661 916 
240 
85 275 349 390 522 220 920 698 699 700 1004 
621 623 631 
40 230 620 623 623 624 
316 410 982 
620 621 621 623 623 624 625 
621 623 625 
40 230 624 229 623 
2276 86 2843 
823 
1461 1243 1461 753 
350 515 629 629 630 985 
348 375 629 
282 70 226 241 403 411 492 495 620 750 979 980 988 995 1003 1009 
44 868 
28 422 469 956 
3 120 295 304 503 749 819 
491 870 961 
389 
149 150 324 325 326 327 552 
128 3046 
167 608 640 640 799 
291 639 639 799 
157 209 719 643 
986 
35 38 64 83 121 136 239 271 313 314 348 641 661 682 807 808 814 840 866 893 923 994 663 
42 271 611 1010 
441 1633 880 
31 179 1282 549 1650 732 1895 2064 2149 2150 
197 898 
2181 299 2865 
387 
204 387 957 
293 369 691 928 986 
397 
225 2895 
202 214 240 255 860 932 
25 265 276 296 338 372 537 561 508 1007 
166 657 
656 935 663 
390 82 
70 208 211 241 330 495 570 660 722 750 877 979 980 986 1003 1009 
659 40 875 986 
329 643 36 63 97 191 203 313 314 328 603 617 674 726 735 835 836 852 877 908 948 916 
877 
6 17 20 643 657 831 858 
502 
32 727 728 685 768 2081 
667 
495 666 
22 123 268 390 439 616 251 802 698 699 701 766 
123 390 439 561 251 699 
205 0 0 
115 600 
2420 2437 215 
262 291 364 390 428 517 538 553 376 377 711 762 802 839 905 
661 72 76 
287 337 
388 2985 
1394 1747 678 1984 867 868 
677 44 379 1747 1984 867 
551 680 
21 100 390 439 551 679 934 1005 
219 2461 231 248 
6 643 91 210 239 569 
25 291 
381 216 953 969 
24 263 266 460 322 592 665 686 687 697 845 769 903 905 
32 2278 2494 1469 2669 2686 1678 685 1876 769 887 905 
32 2686 685 1876 769 887 905 
180 841 
573 
0 271 691 
0 134 250 499 511 519 651 690 898 935 1009 
287 2651 
400 401 404 405 
184 291 390 616 698 
1301 1960 753 
614 
32 34 58 85 184 275 285 364 390 439 459 469 471 482 522 547 571 572 574 685 224 698 699 700 748 887 905 
390 85 95 180 303 456 481 549 571 572 574 575 619 668 694 697 700 701 805 904 
22 34 54 85 98 105 106 153 155 156 251 310 366 516 575 619 668 669 697 700 701 714 746 748 755 842 906 987 999 1000 
390 698 699 366 619 697 
364 390 521 698 699 668 799 
390 439 483 
892 893 
23 143 239 563 751 752 855 
1420 432 
364 390 483 608 772 773 946 
708 709 799 
291 390 483 707 223 709 799 
707 708 
1148 1533 450 
390 437 673 960 
935 750 847 
381 798 
184 422 616 699 28 54 67 105 106 153 956 987 999 1000 748 999 
2739 135 610 
2381 135 2961 
180 
877 877 
641 347 
759 
506 722 
245 333 659 721 787 
99 264 396 764 814 816 847 
217 591 0 
2340 218 2400 876 992 
661 
390 665 728 768 968 
665 727 768 
730 1009 737 847 
729 320 737 847 942 
139 166 907 979 
1 31 78 218 266 284 289 295 429 430 471 505 533 534 646 780 862 876 905 
45 734 855 
733 751 
274 661 77 813 
320 737 
320 729 730 736 954 
2665 789 739 
235 464 588 592 738 
29 793 
1009 847 
475 
84 495 979 
390 447 
364 251 356 438 516 746 804 805 910 911 
291 302 364 390 699 745 747 772 804 805 
439 51 355 356 481 504 516 746 804 805 910 911 
616 699 28 48 54 67 105 106 153 1761 697 714 956 987 998 999 1000 
634 
70 631 659 712 979 986 
45 704 734 752 996 
704 751 994 996 
477 160 195 227 559 579 628 695 811 874 853 
1254 802 782 801 
439 502 699 
334 389 
758 
757 193 758 758 
193 720 
193 847 
847 
1376 673 1990 1001 
50 93 374 427 800 805 825 
298 723 919 
363 
668 
467 473 494 822 
263 665 727 728 1876 905 
86 263 1231 1234 1273 2686 538 685 686 687 796 2157 
566 3040 3041 771 
295 342 566 770 
390 355 516 706 746 804 896 911 
390 608 356 451 706 773 773 
1236 441 1633 880 2118 
564 847 857 
883 
12 364 799 
47 293 396 397 447 872 
2202 31 88 1279 179 1664 3028 1895 882 887 1006 
471 88 1203 1239 1282 262 267 272 1650 1664 1788 732 1895 1921 1991 2064 2149 1006 
2585 858 
162 2639 2640 754 
0 290 
0 290 540 
847 
814 
722 
89 319 546 579 875 935 847 
406 738 
488 
542 188 
29 793 859 
29 792 740 793 793 818 859 
240 
91 2382 1794 1811 
263 769 
86 262 297 471 
713 
390 167 332 365 390 391 639 640 701 707 708 777 803 
447 763 93 
754 802 
62 297 390 471 566 668 673 754 801 905 1004 
799 
302 364 390 439 745 747 772 746 911 805 
490 698 745 747 763 516 746 804 
247 2767 
643 809 814 
587 643 809 814 
136 807 808 
119 417 448 531 246 822 900 
753 
390 407 
77 339 735 916 
643 35 121 136 188 519 723 786 807 808 816 866 884 847 848 
264 
814 121 723 866 847 848 
454 171 1002 
29 1708 793 
634 
9 398 
329 2591 3013 
125 144 145 146 242 281 360 412 417 418 472 473 767 810 879 
627 
970 
763 321 
847 912 
272 276 338 
2202 34 37 79 278 1543 462 1667 609 3028 2460 1326 
34 556 573 
554 176 
663 834 886 
17 
488 
488 601 831 964 
661 837 
661 837 
836 835 
108 173 201 383 384 
673 
263 643 
303 572 688 
699 180 842 842 896 
506 847 
0 958 
2183 32 685 
170 287 604 848 850 
18 40 43 46 49 59 81 138 181 186 187 191 202 242 307 394 409 435 436 484 506 509 519 520 526 527 529 542 583 593 594 595 712 723 729 730 741 760 761 775 785 788 814 816 826 843 966 980 983 984 996 
846 109 348 509 515 814 816 980 983 984 985 
40 607 
846 313 604 
2336 2756 543 
661 565 908 
1916 1252 753 3296 2050 
160 854 854 
2282 2441 432 2699 1675 704 733 3107 3124 
877 
345 775 863 
663 781 
29 792 793 
654 214 861 
2455 281 860 
1129 90 1212 474 534 732 1850 1937 1968 1969 862 862 
165 857 864 865 
863 
863 1216 1240 1933 
121 643 814 816 121 569 
677 678 1747 868 
8 14 44 270 308 341 431 478 514 677 867 632 925 
343 932 
635 
439 517 
213 778 
1168 576 
753 2429 3155 
660 788 986 
65 1247 2400 2401 1489 2638 1724 725 732 2104 992 3303 
659 661 662 718 856 718 937 
269 
416 530 822 
390 441 645 774 
124 0 
31 295 779 
776 
814 
979 
831 1010 
272 1281 262 2728 686 687 697 779 1951 1998 1999 
25 265 276 338 372 461 357 
890 
889 
428 2728 924 
500 703 
643 703 
73 
371 
285 390 450 608 772 842 922 
557 3093 
647 691 197 
22 390 
810 
276 338 555 902 1004 
276 338 901 555 
685 
698 
266 2278 88 1231 1234 2669 2670 2686 2728 673 685 686 687 697 732 768 3040 3041 802 1969 3191 2081 2161 
390 699 
146 493 731 
661 852 
446 
364 390 745 747 
302 364 745 747 772 804 
826 
96 
392 2651 
432 433 0 
5 36 63 77 274 329 400 595 617 661 813 
280 288 326 112 149 150 325 326 327 978 985 
364 439 483 926 
764 1010 
619 1004 1005 
447 
896 
643 
891 222 
431 868 
291 244 253 259 483 918 927 
291 926 147 456 
651 
390 
939 
99 
202 240 386 654 869 
202 247 970 
680 
495 657 691 712 788 979 986 995 
389 3020 937 
936 877 
394 506 939 940 941 
71 506 930 938 940 
393 394 938 939 
938 
730 
944 986 
61 943 258 
11 204 
2865 2031 1238 706 
24 378 974 
329 661 328 
5 63 97 
487 488 611 
477 277 399 
24 99 164 423 518 552 588 
415 684 
0 379 737 
488 612 613 
275 522 714 748 54 633 1894 999 1000 
650 
844 
959 959 986 
2415 711 
0 1488 0 635 
2 3151 
2130 212 2129 
488 612 834 
577 612 
847 186 
447 
727 969 
968 1707 684 
9 158 824 933 
55 362 524 972 
55 3279 971 
389 196 
2339 947 
410 564 
2214 355 516 
355 516 
1549 591 1549 917 
495 631 659 731 743 237 242 493 750 885 935 980 
631 659 847 848 979 160 990 986 
982 
348 981 622 
847 848 
847 848 
848 350 515 629 917 
659 660 61 84 226 495 548 642 651 750 875 935 943 959 980 995 
28 275 422 522 699 714 748 176 180 999 
631 
990 
980 989 994 
74 
876 65 725 
3085 605 1721 3085 
643 752 990 996 
631 986 935 
847 751 752 994 
96 
616 748 54 67 105 106 176 998 998 1000 999 1000 
184 522 616 699 714 748 28 54 67 105 106 714 956 987 998 1000 
184 275 390 522 554 616 699 714 748 998 999 67 956 998 1000 1000 
7 377 762 
141 144 418 817 
416 631 659 247 494 
7 2316 122 1336 355 365 481 501 502 516 1597 619 802 901 920 
51 1197 1336 481 1586 2860 680 920 
86 460 780 779 
296 372 501 502 655 
455 
245 320 631 659 691 729 741 
39 298 488 644 886 919 
1034 2028 2029 
2181 2031 
1417 1427 1545 2024 1297 1967 
1059 1365 1378 1059 1380 1680 1744 
1236 1439 1440 2093 
2138 
1264 1549 591 
1524 
609 2064 79 1312 1354 1743 1938 
1496 
1176 
1907 
1875 
1527 
1414 
1957 
1905 
1048 
1100 1109 1248 
1244 1941 
1487 1488 1645 1872 1645 
2117 
1759 2014 2015 2014 
1011 1665 1666 2007 
1491 
1485 
1042 1309 1679 1042 1615 
1107 1174 1404 1536 1636 1682 1769 
1212 
1076 1078 1309 1679 
2036 
1037 1037 1679 1615 
1138 1828 1893 2139 2165 
1274 
1453 1704 1705 1944 1954 1955 1980 2002 
1286 1302 1521 1532 1891 1902 2024 
1127 1442 1613 1636 1679 1776 
1028 2063 
1049 1049 
1168 1254 1942 
1253 2121 
1787 
2135 
1491 
1961 1962 1963 
1056 1056 1161 
1254 
1236 2024 
1014 1014 1365 1378 1380 1733 1744 
1123 
1943 1374 1460 
1374 
1229 1707 
1811 
1093 2027 
1171 1961 1962 1963 
1236 1251 
1209 235 1515 592 1718 2115 
2137 
1236 1500 
1744 1731 1985 
2156 
1075 1387 
1379 
1073 1169 1220 179 471 
1040 1078 1599 
1527 
1040 1076 1190 1600 1371 1599 
1227 1245 1651 1742 1823 1931 
1189 1195 1583 1406 1657 1731 
1141 1950 
1716 
1083 1083 1196 1390 1439 1440 1912 1939 2093 1373 1912 
2158 
1728 
1480 1479 
1577 
1236 1500 
1297 1347 1500 
1107 1174 1404 1608 1392 
1972 
2009 
1065 2026 2027 
1317 1676 
1864 
1490 1878 
1886 
133 1661 
1767 1768 
1029 1579 1723 1634 1695 2105 
1118 1441 1609 1840 1864 2132 2133 2170 2171 
1673 1958 
2103 
1459 
1606 
1132 1339 
1038 1090 1200 1404 1425 1769 1776 
1317 1676 
1029 1401 
1564 
1920 
1952 
1395 
1187 2058 2059 2104 
1383 
1893 2139 
1154 
1101 
1119 1119 2036 
1210 1256 1604 1606 1818 
1674 2113 
2742 1690 
1060 1864 
1460 
1250 1286 1302 1891 
1857 
1047 57 
1588 1589 1590 
1937 1969 1631 862 
1822 
1885 1646 
1106 1860 
2046 2169 
1422 
1747 1154 
1494 
1964 
1043 1801 2168 1634 
1145 1716 1842 
1460 
1081 1248 1866 
1730 
1980 2103 
1416 1481 2105 
1139 1716 
1389 
1874 1952 
1403 1551 1687 710 1390 
1589 
1236 1262 1294 421 1506 1508 1659 2118 1507 1912 
1301 1960 2049 
2949 1373 
1329 1342 1629 
1117 1135 
1213 
1975 
1492 
1214 1461 1571 
1257 1287 
1160 1160 1369 2083 
1056 
1381 1517 
1500 
1795 
1788 2066 
1908 
1523 
1050 1511 1544 873 2096 2106 172 1524 
1075 1220 1387 471 
2166 2169 
1066 
429 1710 
2332 2948 2955 1812 
1038 1090 1200 1404 1425 1769 1776 
278 1360 1385 2173 2174 
1021 1897 1896 
1374 349 
1178 1178 1871 1870 1944 
1407 1996 1997 
1196 
1637 1638 
1541 
1836 1837 1202 1841 
1464 
1945 1530 
1648 1806 
1114 
1619 1918 
1080 1583 1657 
1078 1613 
1230 1727 
1730 
1548 2112 1857 
1680 1731 2135 
1080 
1083 1180 
1587 1005 
2278 2494 1678 
1220 471 
1107 1174 
2060 
1183 1841 
30 1432 1964 2151 780 2148 
1208 
1848 
1210 1256 1604 1606 1818 
1352 1539 
1204 
1068 1748 
1120 1206 1818 
2137 
1039 1850 1937 862 
1155 
1158 1708 1994 2004 2006 
1542 
1413 1421 1519 1675 1848 865 
1772 
1460 
1236 
1075 1169 1199 1387 
1900 
1540 1807 2044 1803 
1711 1712 1713 1964 2099 
1626 1706 2009 
1411 
235 1322 592 1821 1568 
1079 2792 
1456 
1063 1707 
1191 1514 1811 2097 
1416 769 905 2157 
297 1456 1457 471 
1520 
1416 769 905 
1456 1550 1588 1749 2025 
1015 1058 1067 1070 1088 1150 1219 774 2024 1242 1396 1500 441 1687 1860 1891 
1653 
2031 946 
30 1788 780 
1413 1675 865 
1514 2795 1989 
1236 2118 1860 
1505 1461 1648 1706 628 
1030 1941 2128 
1079 2076 
1866 
1330 218 876 
1029 1141 1538 1911 
184 275 1416 522 
1125 
1067 
853 2049 
1051 57 1253 1253 1636 1890 
1050 1057 1721 754 2043 1524 1787 
1255 1255 1528 2139 
1120 1206 1818 1818 
1159 1852 1880 
1706 2006 
1820 
1693 
1750 
1150 421 1509 1646 
1612 
1017 1284 
1878 
1540 1861 
37 278 1724 
2120 1381 1517 
1745 
1820 
1865 
1383 1649 
1339 1454 1668 1714 1454 769 2053 
1044 1892 
1622 1924 
1918 2098 
2043 
2020 
779 1976 
1574 
88 1678 1850 1998 1999 887 
30 31 179 1740 646 1766 780 
2042 
1264 1416 1642 
1423 1503 1704 1980 2050 
1046 1125 2657 1532 1902 
1159 1451 1573 
1780 1787 
1636 2034 
1349 
1344 
1854 1953 
1930 
1150 1506 
1852 2018 
1892 
1013 1089 1725 
1465 1770 1918 
2121 
1901 2080 
1151 695 
1046 1125 2657 1532 1902 
1519 
1473 
2081 
1418 
2036 2037 
1918 2049 
1037 1040 
1610 2116 1483 
1990 
1019 1493 2593 
1395 
1583 1406 1584 1657 1731 1735 1736 1737 
1625 1810 
1406 
1094 1108 
1637 
1522 
1646 
1562 1646 
1226 
1522 
1683 
1683 1839 
1543 1662 1667 1796 828 
1977 
2083 
1153 1438 1516 
1247 
1517 
1338 2005 2050 2112 
2080 
1699 1804 
1517 
1586 1831 1863 1004 1005 
370 1870 
1332 
1106 1273 1560 
1852 
2008 2056 
1153 1438 1516 
1412 404 1881 
1291 1382 1889 1926 
2068 
1484 
1089 1500 
1353 1965 
1290 2031 2124 
1985 
1893 
1207 1449 1539 
1348 1965 
1019 2856 
1368 1414 
2061 1638 2083 
31 2774 1976 471 
1386 
1583 1406 1657 1731 1735 1736 1737 
1175 1905 
1446 
1661 
1759 1946 
1406 1731 
1014 1059 
1727 2043 
1406 
1355 1414 1415 1476 1414 
1160 2083 
1406 
1078 2140 
1904 2088 
1083 1152 1373 1373 
1061 1062 1177 1410 1726 1979 2035 2149 1460 522 
1637 1638 
1802 762 
1446 
1014 1059 1380 1680 1744 
1074 1462 1504 1605 
1014 1059 1378 1591 1406 
1162 1268 2079 
1344 1889 
1115 1272 1649 1650 1956 471 
1386 
1175 1385 1385 2174 
1358 1384 341 1566 1757 1758 
1220 1073 1169 
1982 1983 1437 
1146 
1083 1148 1672 1688 
1582 
1090 1608 
1896 
1537 677 2136 
1113 1313 
1236 
3008 2093 
1970 1971 2019 
1970 
1970 1971 2019 
1109 1401 1401 
2022 
1148 
1038 1090 1107 1174 1776 1924 
1445 
1080 1314 1316 1359 1364 1367 1370 1380 1584 1658 1715 1731 1732 1733 1736 1737 1822 1923 1941 2070 2135 
1179 1681 
1715 429 
1745 429 1512 1681 1710 1957 
1374 
1225 1679 1615 
1343 
1216 1240 
1368 1025 1355 1368 1415 1476 
1368 1414 
1144 1231 1234 1249 1284 1431 2157 
1013 1500 1725 
1306 
1921 
2260 432 2699 1770 3107 705 
1216 1765 1933 
1134 1542 1655 1916 2006 
1285 1542 1845 1980 2050 
1628 
1107 1174 
2119 
1013 1545 1725 
1429 
1428 
1862 
1416 2193 
1203 2151 
2151 
1436 
1436 2008 
1435 1434 
1388 1982 
1329 1342 
1015 1083 1440 1444 1478 1891 
1015 1083 1439 1444 1478 
1101 
1047 
1534 1535 
1439 1440 
1405 2024 
1361 1377 1447 1448 
1446 
1446 1602 
1352 1978 
2119 
1287 
1618 2002 
1045 1470 
1273 1273 
2072 
1228 1232 1235 1588 
1232 1550 
1850 
1104 
1061 1124 1140 1218 1374 1464 1761 1781 1979 522 
1158 1243 1648 628 2005 628 2004 
1379 
1590 2052 
1460 1184 1761 522 
1298 1878 
2045 
1467 1467 1468 
1467 
2278 2494 686 1678 
1453 1704 1705 1944 1954 1955 1980 2002 
1783 
1585 1473 
1304 1472 1569 1570 
1921 2065 
1679 2036 
1368 1414 1791 
1909 
1439 1440 441 1528 1690 
1086 1480 1661 2012 
1086 1479 
1144 2139 
1482 1482 1674 
1310 2116 
1346 
1036 
1759 
1031 1794 1930 2003 
1031 1872 1645 961 
31 218 1863 876 
1096 1709 2052 
1035 1054 
56 1157 1492 1492 
1312 1738 
1136 108 201 2125 1577 
1733 
1020 1746 
1497 1497 
130 130 2139 
1500 
1070 1088 1089 1163 1236 1347 1417 1499 2024 
1502 
1501 1877 
1285 
1379 1932 
1243 
1150 1294 
1150 
1150 1687 
149 150 1262 324 325 326 327 1639 615 
1700 
1168 2134 1707 
429 305 1409 1824 1710 
284 1710 
1230 1241 1727 1979 1989 
1068 1748 
1329 2470 1342 
1162 1268 1331 1335 2079 
2282 1519 
1518 1216 1303 
1233 
1046 3255 
1319 1323 
1167 1826 1779 
1018 1168 1254 1581 1934 2041 
1661 
1761 
1024 1077 
1255 1478 2738 2765 1723 1814 2970 1690 
2654 3021 3305 2169 
1185 2008 1578 
441 2658 1801 
1046 2658 1286 1302 1532 1532 
1687 710 
1443 
1443 
1038 57 2119 
1394 
1248 
1352 1207 
1222 1266 1541 1799 
1182 1540 
1423 1215 1422 1980 2050 
2293 2460 1326 828 
1168 
1013 80 1427 1725 
1547 1763 
1546 
1193 1966 
1017 1549 1549 1624 978 1624 978 
1457 1235 
1148 
1864 
1554 1554 
1553 1553 1831 
1555 1555 1556 
1555 1647 
1558 
1557 
1686 
1339 341 1668 1818 
1759 
1321 
1564 
1110 1563 1565 
1564 
1386 
1935 
1226 235 592 
1473 1601 
1473 
1158 2004 2006 
1916 
1287 
1280 
1877 
1782 1935 
1087 1494 
1530 
1100 2105 
2873 2043 
1524 
1391 2078 1853 
1080 1314 1359 1189 1657 1731 1736 
1406 1314 1657 1731 1985 
1472 1629 
1336 1587 1005 
34 1197 1586 
1128 1456 1235 
1128 1149 1590 
1463 1589 1128 2052 
1380 
1593 1594 
1592 1594 1692 
1592 1593 
1596 
1595 
1598 1004 
1597 
1076 1078 1600 1613 1685 1950 2074 
1078 1599 
1569 
1448 1829 
1878 
1120 1206 1606 
1379 
1120 1206 1105 1604 
1896 
1090 57 1392 
1101 1842 1972 
1310 
2155 2155 
1263 1706 
1047 1599 1190 
1773 1615 
1037 1042 1411 1614 
1616 1616 1875 
1705 1820 
1452 
1188 
2138 
2137 
1275 1622 1622 
1623 1623 1817 
1549 1549 1903 
1315 
1224 1772 2009 
1729 
1424 206 1752 1753 1949 
1153 1585 
14 1747 
1129 90 
1801 2168 
378 645 1801 774 1851 
26 2244 1100 2257 1138 1634 1634 1828 1893 2139 2165 
1753 
1038 1047 57 1253 1289 1682 
1181 1318 1375 1638 1977 2026 1638 2083 
1637 1181 1356 1375 1637 2013 
1509 1673 
1810 
1754 
554 1284 
1972 
1719 
1031 1031 1488 
1131 1262 1320 1321 421 1883 1885 
1556 
1186 1461 1243 2050 
1383 1272 1650 
30 179 1383 1649 567 646 780 
1079 1823 3262 
1868 
1237 
1787 
1422 
1833 
1080 1189 1314 1359 1583 1584 1735 1736 1737 1731 1732 
1406 1731 
1150 1659 1659 
1661 
1479 1525 1660 1098 1362 
1326 
1873 1920 
779 1921 1991 780 
1034 
1034 
2328 2460 1326 3028 828 3153 
1273 1560 1860 
1820 
1671 
1670 
1390 
1102 1639 1958 1959 
1121 1482 
1216 1240 1933 855 
1094 1108 
1724 
21 1198 1281 1469 686 1999 2073 
1037 1040 1042 1047 1411 1475 
1014 1194 1378 1731 2135 
1407 1409 
1038 57 1636 
1324 1325 1684 
1683 1878 
1599 
1559 
1148 1533 1236 421 1508 
1390 
1830 2176 1908 
1122 1478 1528 1814 1891 1695 
1815 1992 1993 
1593 
1260 1844 
1810 
1100 1690 1828 
1697 
1696 
1929 3123 
1334 1804 
1510 
326 149 150 324 325 326 327 2057 
1703 
1702 2049 
1045 1470 1285 1705 2080 
1045 1470 1617 1704 1916 2080 
1224 1243 1258 1612 610 
2210 1063 2275 1229 1511 969 
1214 2753 818 
1490 2072 
429 1172 305 1409 1512 1513 
1223 
1223 
1223 
1273 291 2686 616 
1406 1408 
1082 1139 1145 1716 1716 1717 1717 
1716 1716 1717 1717 1887 1729 
1068 
1644 
1747 
1254 429 1919 993 
2068 
1100 441 1528 2105 
37 79 218 278 1677 1267 876 
1297 1417 1427 1545 2024 1967 
1374 
1366 1191 1514 1811 2097 1797 1816 
1085 1729 
1728 1627 1717 
1142 1192 
1406 1071 1080 1194 1314 1359 1364 1583 1584 1657 1658 1680 1731 1731 1735 1736 1737 1985 1732 
1406 1657 1731 1985 
1406 1059 1495 1744 
1985 
1657 1731 1314 1359 1736 1737 1736 
1406 1657 1731 1735 1314 1359 1583 1735 1737 
1406 1657 1731 1735 1314 1359 1736 
1493 1842 1843 
1918 
31 1282 1740 1740 1741 1766 
12 1740 
1079 
1019 2394 1874 
1071 1733 1014 1059 1378 
1409 1269 
1496 
1135 1630 1720 677 678 1984 867 1986 2136 
1209 1515 
1235 
1261 
2106 2106 
1628 1949 
1628 1635 1949 
1641 
1835 1836 1837 
1784 1785 
1386 
1386 
1033 1363 1486 1561 1946 1947 1946 2014 
1854 1953 
184 1460 1464 1526 748 
1911 
1546 
1811 
1421 
1740 1282 
1099 1768 
1099 1767 
1038 57 1107 1174 
1420 1298 1771 2123 1771 
1770 1770 2123 
1626 1217 2009 2092 
1614 
1781 
1776 
1047 1775 1107 1174 1404 2034 
1793 2048 
1778 1778 
1523 
1288 1787 
1460 1774 
1576 1935 
1471 
1756 1786 1927 1928 2022 
1756 1927 1928 
1784 
1052 1254 1288 1654 1780 1789 
30 1165 1239 780 2066 
1787 2363 
1847 1915 1927 1928 2022 
1476 
1794 
1777 1794 
1792 1487 1793 795 
1164 
1326 
1727 
2108 
1540 1807 2044 
2153 
1138 441 1632 1633 1531 2024 1851 2168 
1376 
1222 
343 1334 1699 
1806 2145 
1186 1805 
1222 2847 1799 
1808 1808 
1974 
1640 1694 1315 
1064 1230 1727 1764 1900 795 1918 
1173 1813 2152 
2263 2955 1812 2957 
1528 1690 
1691 1992 
1727 
1623 
1120 1206 1256 1560 1210 1256 
2048 1994 
1259 1270 1617 1669 
1226 
1406 1130 
1079 1651 3262 
56 1512 
1948 
1523 
2072 
1043 1634 1695 2139 
1602 3037 
1689 
1336 1554 
1833 
1832 1656 2154 
1837 1838 
1755 1836 
1183 1755 1835 1838 
1183 1755 1834 1838 
1834 1836 1837 
1325 
1101 
1202 1183 
1609 1139 1738 
1738 
1693 
1423 2000 2049 
2048 2049 
1790 
1205 1216 1849 
1848 3124 
1458 1212 1281 1937 1951 1998 1999 862 
1633 1801 2995 3009 2168 
1257 1295 1340 
1582 1918 
1292 1760 
1920 
1868 
1126 1193 577 1858 1859 1966 
339 1857 3013 3274 
1857 404 3274 
1132 1236 1242 1668 
1266 
1430 
1336 1489 
1101 1095 1123 1552 
1271 
1141 1246 2167 1867 
2696 1866 
1652 1856 
1873 
1178 1337 1944 1945 
1178 
1031 1488 
1869 1663 1919 
1147 1743 
1023 1616 1988 
686 687 768 2081 
1502 1575 
1096 1265 1465 1603 1684 2072 
2012 
1257 
1343 
2101 
1646 1885 
1885 
1131 1646 1883 1884 
1097 1944 
1717 1888 
1887 
1382 2916 1344 
1253 
1046 1125 1690 1236 1439 
1274 1296 
1043 1116 1351 1634 1894 1894 
1893 1893 956 
646 779 1991 780 
1176 1393 1607 2051 
1176 2969 
1899 
422 1898 
1221 1811 
1300 1922 
1046 1286 1302 
1624 1965 2032 2033 
1372 
1027 1360 
2826 3123 2048 
1022 
1166 1689 2176 
1477 
1911 
1762 1910 1248 1924 
1083 1083 1150 
2143 
1914 1914 
1790 
1422 1572 1705 853 
1918 
1188 1276 1298 1308 1739 1811 1853 1917 2023 2094 2095 2114 2148 2151 2159 2175 1940 
1721 1873 1920 
1919 1111 1663 1855 
179 1419 1474 553 1664 780 1991 2064 2149 2161 
1901 
1406 
1275 1404 1911 
2075 
1344 2080 
1784 1785 1790 1928 2022 
1784 1785 1790 1927 2022 
1698 2078 
1293 1487 
1079 2420 
1504 
1421 1675 865 
172 1524 
1567 1576 1782 1936 
1935 
1 1129 1850 1212 862 
1019 
1083 
1918 
1406 1030 1244 
1050 
1061 
1045 1470 1870 1886 1178 1945 
1185 1870 1944 
1363 1759 1759 
1759 
1825 1949 
1752 1753 1628 1948 
1081 1599 
553 1850 887 
1147 1112 1952 1952 
1292 1760 
1045 1470 2002 2080 
1045 1470 2002 
1383 251 
1026 1409 
1102 354 1673 1959 
1673 1958 
1151 695 
1055 1066 
1055 1066 
1055 1066 
1137 1203 1223 1972 2049 2121 
1348 1353 1903 
1857 1548 2112 
1013 1725 1967 1967 
474 862 1972 2160 
1129 862 905 
1398 1399 1400 1971 
1970 1398 1400 
1091 1609 1643 1964 1968 2160 
1975 
1809 1977 
1156 1973 
1279 1357 1999 
1637 1327 1974 2026 
1449 1979 
1374 1460 1514 1978 2149 
1045 1143 1423 1470 1542 1285 2032 2033 2112 2050 
57 2034 
1388 1437 
1388 
677 678 1747 
1731 1732 1071 1350 1584 1734 
8 308 1747 
1988 
1875 1987 
1241 1514 2149 
1311 762 
30 179 1664 1895 780 1921 
1691 1815 
1691 
1214 1819 
1997 
1179 1997 
1995 1179 1996 
88 1850 1281 887 
88 1678 1850 1976 1281 887 
1845 
2049 
1045 1470 1452 1954 1955 2003 
1487 2002 
1214 1461 1571 
1461 1332 2006 2110 
1214 1258 1422 1571 2005 2109 2110 2112 2050 
1034 
1435 1530 1341 
1092 1626 1772 1224 
2010 2010 2011 2012 
2010 2012 
1479 1879 2010 2011 
1638 
1033 1033 1759 2015 2015 
1033 2014 2014 
2017 
2016 
616 1295 
1398 1400 
1278 
2079 
1928 1402 1784 1790 1927 2022 2022 
1918 
1013 1046 1058 1236 1445 1500 1725 1801 2118 
1235 2052 
1093 1637 1977 
1065 1093 
1011 2040 
1011 2040 
2090 
1012 1349 1238 946 
1903 1980 2033 2049 2050 
1903 1980 2032 2049 2050 
1289 1776 1981 
1374 
1041 1119 1307 1475 
1307 3228 
2039 
2038 
2028 2029 
1524 
1283 
1254 1277 1366 1580 
2274 1222 2664 1799 
1466 
1133 2047 
2046 
1819 1906 1777 1846 2049 
1151 1252 1308 1703 1845 1846 1964 2001 2032 2033 2048 2049 2049 2050 2075 2175 
2049 1285 1332 1423 1542 1648 853 1980 2006 2032 2033 2112 
1896 
1463 1490 1590 2025 2072 
1273 
2072 2055 2145 
2054 2056 
2055 1341 
1701 
1114 
1114 
1201 
1356 
2126 
1048 
1019 30 646 780 1921 2065 2091 
1474 2064 
1165 1788 
2067 2067 
1722 1345 2069 
2068 
1406 
2098 
1455 1709 1827 1878 2052 2054 
88 1678 
1599 
1925 2049 
1245 
2175 
1582 1929 
1381 1517 2021 
1300 1333 1704 1705 1926 1954 
266 905 1305 665 1876 2161 
31 2082 2082 2083 
1160 1328 1356 1369 1637 2082 
2104 
2087 
2087 
2085 2086 2089 
1372 
2087 
2030 
2064 
1772 
1015 1083 1397 
1918 
1918 
1168 
1230 1727 
1276 2071 
1223 
2102 
1882 2102 
2100 2101 
1103 1143 
1114 218 876 2084 
1100 1144 311 1579 1723 3044 
1168 1751 1751 
2108 
1798 2107 
2006 2110 
2006 2109 2005 2112 
2112 
1193 1966 1980 2006 2050 2110 2111 1332 
1121 
1918 
1068 
1310 1483 
1032 
1150 1242 774 2024 
1426 1450 1536 
1268 
1051 1299 1964 
2175 
1770 1771 
1349 
108 201 1494 
2062 2127 
2126 
1244 
2130 2131 963 
2129 963 
2129 
1101 
1101 
405 1511 
1406 1053 1194 1680 2141 
1394 1747 
1621 1069 1211 2147 
1016 1620 
1043 1116 1481 1634 1255 1498 1828 
1371 
2135 
2143 2144 
1913 2142 
2142 
1805 2054 
2162 
2137 
1918 1203 2150 
30 1374 646 780 1979 1989 1921 
646 2148 
1203 1918 1432 1433 
1812 
1800 
1833 
1611 1611 
1072 
1416 769 1231 
1084 
1918 2175 
1972 1968 
553 905 2081 1921 
2146 
2164 
2163 
1043 1634 
2654 3021 1170 3305 2169 
1866 
1138 441 1632 1851 1801 2168 2168 
1133 1170 1529 2166 
1101 
1101 2172 
2171 
1175 2174 
1175 1385 2173 
1918 2049 2077 2159 2122 
1689 1908 
2903 
2590 2736 
2200 
2935 
1012 648 2865 
2512 
2677 845 3156 
2306 2356 
2539 
3139 
2666 
3300 
2303 2634 
3145 
2499 2546 
2488 
2236 1431 
2656 
2195 2195 2209 
55 3279 
2504 
2198 2198 2281 
3025 2593 
2179 
2201 2201 
2460 779 828 3162 31 
2911 
2265 2762 
2899 2900 
2675 3099 
2632 2855 183 
3212 
2195 
2275 1707 3085 
2326 
2423 2474 3132 2695 
2244 3258 2740 
2845 976 3235 
2508 
3044 
3037 
3194 
2391 3151 
2220 2220 
2513 2665 3115 471 
2567 
2264 2491 3171 
2779 2780 2558 3022 
2398 
2341 2811 
2844 
3299 
2597 
2345 3269 
2231 2231 
2540 3033 3203 
2698 3158 
3051 3052 
2235 2235 2992 
2193 
3273 
3016 
3114 
3190 
2691 
2665 
2324 3074 
2213 1634 
2310 2390 2483 301 
2246 2246 3034 3035 
3188 3189 
2746 
2249 2249 2797 
2904 
2955 3173 
3310 
2299 2891 
2519 
2554 
2256 2256 2871 
3021 1634 3207 
2476 2737 
2427 2442 2744 2299 354 
1420 3124 
2306 2356 
2412 
2951 1813 2959 
2223 
2204 
556 2894 
2776 
2821 
2375 3071 
3051 
2603 2652 
2777 3007 
2273 2273 
3127 2044 
2210 1707 3085 
626 2843 
3029 3029 
1198 1469 686 3040 905 
2750 
2536 
2198 
1518 2646 855 
3144 
2302 
2285 2285 2616 2615 
2832 
3215 
2311 
2794 
3048 
2830 
279 2969 
1543 2774 
3193 
2832 3161 
2763 
3254 
3023 
2253 2259 
2892 
2917 
2284 2506 
2189 
3030 
2905 
2184 2261 2306 2306 2356 
2831 
2934 3270 
2538 
2245 3125 
2288 
3148 3149 
3157 
3282 
2768 
2406 1004 
2457 
3291 
2561 2877 2878 
2401 2638 
2630 
2605 3203 
2832 
2243 2324 2324 3074 3175 
2594 2594 2595 
2211 
3221 
3153 1667 
2329 2329 
3280 
2996 
1173 2955 
2500 
3167 3290 
3200 3247 
851 3119 
2731 3124 
3059 
2596 974 378 
2400 725 3164 
2226 
2528 332 
3176 
2456 2624 
2230 
3227 
2860 
2548 
2733 3195 
2793 2907 
3013 3274 
2479 
2565 
2357 2808 
2945 
2184 2261 2306 
2354 
2836 
2564 
2839 
130 2556 3255 460 
614 2898 
1789 2927 
2418 
3285 3285 
3189 
2517 
2368 2368 
3070 
2835 
377 2422 3140 
2372 2372 
2693 
2420 
2269 3213 3214 3216 
2965 
2502 
2682 2683 2684 
3286 
2628 
716 3186 
2678 795 
2816 
2872 
2686 
2786 
2753 
2388 2388 
2941 
2245 3125 
2219 2489 
2781 
3209 
2397 1743 
3181 
2678 
2394 
2225 
2976 3303 
2340 725 876 
2320 218 876 
2553 2784 2785 3031 
3172 
2960 2960 
2553 2785 
2316 2406 2406 
2579 354 
2738 
2688 
3275 
2741 
2262 
3133 
3257 
3041 960 
2629 
2971 
2364 2753 3012 
2930 3043 
2374 2437 672 1931 
2883 
2371 
2212 
2887 
2440 
2756 
2259 
3106 3178 
874 3155 
2430 2430 
2523 
2784 3031 
3218 
2767 
3240 
2436 2436 
2420 672 3165 3286 
2465 2711 2813 3244 
2671 
2425 
2699 3107 855 
2259 
3240 
3167 3168 3290 
2706 
2525 365 
441 2657 2658 
2563 
3075 
3276 
2910 
2981 
2912 
2983 2984 2985 
2850 2851 861 
2344 2552 2624 3228 
2317 
2829 
3154 
2202 79 1543 1667 3028 828 3153 3162 
2790 681 
2908 
373 2669 
37 278 2858 
2438 2711 2813 
413 2868 
2470 
3202 3204 
2540 
2467 1516 
2930 
2817 
2534 
2212 
2715 
2258 2590 2736 
3032 3259 
2552 
2352 
3236 
2631 
285 2943 
2245 3125 
2906 
3125 
2583 
3185 
2192 
2391 
2578 
2223 
2931 
2854 
1198 1469 686 3040 
3294 
2496 2496 
2931 
2695 
2191 
2333 2500 2500 
2861 3180 3036 
2377 
2955 
2197 
2694 
2302 
3074 
2215 
2638 2649 3301 
3051 3052 
3206 
2182 
2221 
2599 
3133 
3108 
2367 3108 
2846 
2254 
3024 
2557 
3223 
2431 
2804 
2446 2810 
2732 
3002 
2342 
311 2530 
311 2529 
2533 2711 3020 
2711 3020 
2531 3020 
2473 2609 2535 3125 
2534 
2280 
2537 2537 
2309 
2185 2812 3042 
2232 2469 3033 3033 3202 
2542 2944 2902 
2541 
2996 
2996 
3274 
2191 
2893 
2348 2598 
2981 3138 
3004 3005 
2551 2551 
2456 2478 
2402 2405 2784 2785 
2255 
3110 
2361 3255 
2521 2726 
2224 2780 3022 
246 3120 
2581 
2319 2877 2878 
2563 
2448 2562 
2359 
2353 
2567 
2222 2566 
2757 
2729 
2571 344 
2570 
3192 
2965 
3217 2651 
3163 
2916 
2633 
2490 2696 
2407 351 2580 354 
2579 2770 354 
2560 
2662 
2486 352 
2586 2672 2585 2586 
354 2584 2586 781 
354 2584 2584 2585 2586 2586 
2587 2587 
2745 
2589 2589 
2178 2476 
2697 2698 821 
3296 
2199 62 1312 3166 3187 
2325 2325 2595 2595 
2594 2325 2594 
2339 378 
2229 
2548 
2514 3093 2979 
3109 
2642 2642 
2603 2704 
2271 2602 2809 
2766 
2322 2613 
2607 2607 
2606 2606 2608 
2607 
2534 
2759 2823 
2612 
2611 
2605 
2617 2619 2616 
2285 2615 2615 2616 
2285 2615 2614 2617 2618 
2614 2616 2618 
2616 2617 2619 
2614 2618 
2621 
2620 
2859 
2792 
2344 2456 3228 3293 
2626 
2625 
3018 
2380 
2416 2721 3262 
2321 
2481 
2207 
2577 
2189 
2636 
2635 
3064 
2320 218 2509 2919 876 
2640 782 
2639 782 
185 3117 3043 
2601 2601 
2645 
2645 
2643 2644 
2282 3124 
2702 3085 
2648 2648 
2509 
2660 
2574 692 2994 914 
2271 
2713 3256 
1529 2166 3305 
2690 
2194 
1286 2447 1302 2658 2658 
2657 2447 2657 2658 2658 1531 1532 
2937 
2650 
2661 2661 
2582 
2664 
2663 2044 
2221 31 2242 441 2745 738 3080 
2187 
2711 3244 
2669 2670 
2668 2463 686 3191 905 
2668 905 
2439 
2584 
3141 
2674 2674 
2206 3099 
2778 
2183 79 
2382 2396 
2679 2679 
2680 2680 
2709 
2378 2682 2682 2683 2684 
2378 2682 2684 
2378 2682 2683 
3297 
2385 1714 686 687 769 905 
2688 2689 
2409 2687 2689 
2688 2687 
2655 
2241 
2923 
2373 
2505 
2212 2498 
2578 1867 3144 
2591 
2233 2591 
1420 2441 3107 855 
3231 
3278 
2647 
3286 
2602 
2864 
2445 
2739 2982 
2825 
2681 
2761 
2438 2465 2531 2532 2667 2813 3244 
3089 
2653 
2939 
2475 
2717 
2716 
2719 
2718 
3015 
2629 3286 
2723 
2722 
2744 2778 
2725 2725 
2557 
2913 
553 887 891 3174 905 
2569 
2987 
2337 
2526 
2349 2746 3195 
2809 
3047 
2178 2476 
2258 
1528 2408 
2707 715 
2213 
2411 
1122 2880 
3298 
2259 2724 2833 3078 
122 2588 2665 464 3115 
2248 2733 3195 
2748 
2747 
3264 
2279 
2856 
2889 
2387 2418 1708 
2755 
2754 
2426 851 3119 
2568 
3063 
2610 
2955 
2710 
2204 
2296 
3224 
441 1528 2995 
2604 
2434 806 3272 
2315 
3142 
2580 354 
3277 
3239 
41 2783 
31 1357 2293 
2776 
2267 2775 
2272 3088 
2676 2724 
2224 
2224 2558 2870 3022 
2392 
2782 2782 
2773 
2402 2432 2553 3031 3094 
2402 2405 2553 
2386 
2788 
2787 
2946 
2461 2857 
553 3208 
1227 2623 
2350 
2289 2795 
2794 1241 
2999 
2249 
3243 
339 3128 
2801 
2800 
3092 
2803 2803 
2524 
2805 2805 2807 3112 3113 
2807 
2805 2806 
2354 
2603 2734 3129 
2525 
2226 
31 471 2539 
2711 2438 2465 
2815 
2814 
2383 
2472 
2819 
2818 
2889 
2268 
2822 2822 2928 
2610 
2977 2977 
2708 
1906 3123 
2873 
3219 
2458 2933 
2291 
2307 
2286 2295 2323 3160 3161 3200 
2744 
2963 
2370 
2358 
2838 2882 
2837 
2360 2840 2840 
2839 2839 3107 
2842 
2841 
2276 626 
2227 
2214 3235 
2518 
2848 2849 1807 
2847 
2847 
2455 
2455 
2853 2853 
2852 2852 
2493 
2207 185 199 
1354 2751 
2790 
2464 
2622 
2347 1005 
2501 
2932 2932 
2864 3131 
2705 2863 3185 3286 
648 2181 946 
3181 
2929 3019 
413 2466 
2936 3170 
2780 
2256 
2384 
1580 2827 
2972 3105 
2914 
2947 
2319 2561 
2319 2561 3046 3201 3278 
3297 
2742 
3135 
2837 
2421 3240 
2884 2884 
2885 2885 
2888 2887 
2424 2886 
2886 
2752 2820 
2918 
2253 
2300 
2547 
2266 556 3048 
653 2897 
2897 
2896 2895 
2362 
2205 
2205 
3279 
2541 
2177 
2250 
2305 
2484 
2350 
2462 
3043 
2451 
2203 
2453 
2727 
2875 
2942 
2576 1889 
2301 
2890 
2638 
2920 2920 
2922 
2921 
95 2692 2924 
2923 
2925 2925 
3249 
2363 
2822 
2867 
2419 2471 2980 
2492 2497 
2862 2862 
2829 
2308 3270 3271 
2180 
2869 
2659 2938 
2937 
2714 
3076 
2389 
2915 
2482 
2541 
2355 
2789 
2876 
1173 2955 
1152 2949 2949 
2953 2956 
2263 
2955 
2950 2956 
2955 
2251 1173 2332 2503 2760 2948 2952 2954 1813 2958 3173 
2953 2950 
1813 2959 
2955 
2263 2957 
2404 2404 
716 3186 
2962 2962 
2834 
3143 
2376 2573 
2967 
2966 
3225 
279 2292 1897 
1528 3210 
2417 
2874 3220 
2973 2973 
3077 
3118 
2399 3303 
2824 2824 
2978 2978 
2599 
2930 3043 
2452 2549 
2707 
2454 2984 2986 
2983 2454 2985 
676 2454 2984 2986 
2983 2985 
530 2730 
2989 
2988 
2990 2990 
2991 2991 
2235 
3311 
2651 
1851 2765 
2331 2543 2544 2997 3233 
2996 
3109 
2796 
3265 
3307 
2527 
3003 3003 
2550 
279 2550 3006 
279 3005 
2272 
1397 3009 
1851 3008 
3011 
3010 
2418 
2351 1858 821 3274 
373 3015 3169 
297 373 471 2720 3014 3169 
2238 3017 
3016 
2627 
2867 
2531 2532 2533 936 
2257 1529 2166 
2558 2224 2780 
2298 
2520 
2199 
3027 
3026 
31 1667 2460 779 828 3162 
2277 2277 3029 3029 
2304 3030 3030 
2784 2402 2432 
2477 
2232 2540 2540 3057 3202 
2246 3035 
2246 3034 
2501 
2217 1829 
3045 
3073 
2278 2494 770 905 
2415 770 905 
2539 
2419 185 2641 2909 2980 3111 3117 
2216 2105 
3038 
2878 638 3201 
2735 
2894 2290 
3050 
3049 
2234 2270 2510 3052 3054 
3051 2234 2510 3053 
3052 
3051 
3056 
3055 
3033 
3231 
2338 
3061 
3060 3062 
3061 
2758 
2637 
3066 3067 
3065 3067 
3065 3066 
3069 
3068 
2369 
2269 3072 
3071 
3039 
2243 2324 2507 3175 
2449 
2940 
2974 
2744 
3080 
2665 3079 
3082 3084 
3081 3084 
3084 
3083 3081 3082 
2210 2275 2647 993 993 
3086 3086 
3109 
2777 
2712 
3196 
3091 3091 
2802 
2599 897 
2784 
3096 3097 3182 
3095 3097 3182 
3095 3096 
3099 
2206 2675 3098 
3101 
3100 3102 
3101 
3104 3274 
3103 
2874 3220 
2428 
1420 2441 2699 2840 855 
2516 2517 
2600 2998 3087 
2555 
3043 
2805 
2805 
2239 
2221 2745 
3190 
183 2641 3043 
2975 
2336 2756 
2559 
3122 
3121 194 
1906 1698 2826 
855 2260 2337 2646 1849 
2310 2390 2483 2485 2534 
3126 3126 
2274 
2799 
2809 
291 3131 
2863 3130 
2212 
2515 2413 3134 
3133 
2881 
3137 
3136 
2549 
2186 
2371 
2673 
2769 
2964 
2696 2283 
2190 
3150 3295 3147 3148 3149 3150 3151 
3146 3149 3150 
2312 3146 
2312 3147 3146 3150 3150 
3146 3147 3149 3146 3149 
2219 3146 962 
3152 3152 
2328 1667 2460 
2459 
2429 874 
2183 460 3159 
2313 
2233 339 
460 3156 
2832 
2832 2295 
2202 79 609 3028 2460 
2575 
2340 
2437 
2593 
2334 2444 3168 3290 
3167 2444 3290 
3014 3015 
2869 
2223 
2403 3304 
2955 2251 
2728 
2324 3074 
2343 
3178 
3177 2428 
3179 3179 
2501 
2395 2866 
3095 3096 
401 404 3184 
3183 
2487 402 2864 
2381 2961 
2593 
2247 3189 
3188 2247 2366 
2240 3116 
266 2669 905 
2572 
2294 
2218 
2733 2349 2746 
3090 
3197 3197 
3199 
3198 3199 3199 
2335 2832 
2878 3046 
2468 2540 3033 3203 
2232 2322 3202 
2468 
615 3234 
2511 
2257 3207 3207 
2791 
577 2393 
2970 
3213 
2208 3213 3216 
2375 3212 3211 
2375 
2287 
2375 3212 
2574 615 
2433 
2828 
2972 3105 
2327 
3240 3281 
2522 
2764 
2968 
3227 
3226 2346 
2456 2624 2037 3228 3228 
3230 
3229 
2700 3058 
3233 
2996 3232 
3205 
2214 2845 
616 2480 
3238 
3237 
2772 
2435 2443 2883 3222 
3242 
3241 
2798 
2711 2438 2667 
3246 
3245 
2335 
3289 
2926 
3251 
3250 
184 3253 
3252 
2297 
2361 2556 1521 
2653 
2414 
2213 341 
2477 
3261 3263 
3260 3263 
2629 1651 1823 
3260 3261 
2749 
3000 
3267 3268 
185 3266 
3266 
2230 
2934 2308 
2934 
2767 
2237 446 
2545 1858 1859 3103 2351 3013 
2410 
2450 
2771 
2878 2701 
2196 55 2901 972 
2330 
3222 
2314 
3284 
3283 
2365 2365 
2379 2437 2703 2721 2864 
3288 
3287 
3248 
2334 2444 3167 3168 
56 2318 
3292 3292 
2624 
2495 
3146 
2592 853 
2685 2879 
2743 
2228 
2188 
2509 
3306 
218 2976 876 2399 
3172 
1529 2654 2166 
3302 
3001 
3309 
3308 
2252 
2993 
